0.774945 0.632029
-0.132224 -0.991220
-0.766050 0.642781
-0.948883 0.315629
0.593423 0.804890
-0.361622 0.932325
0.998441 0.055824
-0.487830 -0.872939
0.840570 -0.541702
0.997564 -0.069752
-0.983567 -0.180544
0.132261 0.991215
-0.593391 -0.804914
-0.374576 -0.927196
-0.118398 0.992966
0.255450 0.966822
-0.953180 -0.302404
0.689621 0.724170
0.582135 -0.813092
-0.848028 -0.529951
0.118427 -0.992963
0.980956 -0.194228
-0.998440 -0.055843
-0.582127 0.813098
0.907777 0.419453
0.848048 0.529920
-0.241915 0.970297
-0.980960 0.194212
0.475637 -0.879642
0.006986 0.999976
-0.475625 0.879648
-0.840568 0.541706
-0.006955 -0.999976
0.374609 0.927183
0.983572 0.180518
0.679451 -0.733720
-0.774914 -0.632066
0.948878 -0.315644
-0.997566 0.069735
0.361639 -0.932318
-0.901842 0.432066
-0.679445 0.733727
0.241939 -0.970292
0.901835 -0.432082
-0.907765 -0.419480
-0.689595 -0.724195
-0.255414 -0.966832
0.487865 0.872919
0.766052 -0.642779
0.953191 0.302369
