-0.521658 0.078126 0.228531 -0.818256
0.847678 -0.240731 0.273417 0.385660
0.348358 -0.857963 0.106932 0.362093
0.544089 0.711239 0.098154 -0.434133
-0.427704 -0.335265 -0.836070 -0.075188
0.142136 0.256519 -0.038459 -0.955257
-0.102768 0.596785 -0.332365 0.723063
0.200413 0.422597 0.517682 0.716416
0.037873 0.012583 -0.772249 0.634066
0.935549 0.284649 -0.208925 0.008615
0.002450 0.720188 0.693711 0.009428
0.594856 0.299708 -0.107903 0.738024
-0.073275 -0.399658 0.639415 -0.652727
-0.353189 0.086839 0.113912 0.924522
-0.909730 -0.130928 -0.321274 -0.228108
-0.225134 0.778774 0.235673 -0.535989
0.240953 -0.004076 0.969682 0.040506
-0.567192 0.443527 -0.419223 -0.553018
0.251733 -0.317903 0.616641 0.674776
-0.291103 0.393484 -0.871436 0.032073
0.529331 -0.560807 0.614311 -0.167109
0.721959 0.389482 0.558272 0.124142
-0.471865 0.168537 0.821070 -0.273464
-0.764107 0.393831 -0.379097 0.342524
-0.581468 -0.278877 -0.467082 0.604944
-0.015420 -0.943802 0.165870 -0.285461
-0.434006 -0.524245 -0.195051 -0.706231
0.202151 0.642836 -0.564484 -0.476712
-0.891910 -0.128206 0.228370 0.368654
0.663450 0.015532 -0.472131 -0.580246
-0.221768 -0.626447 0.739755 0.105573
-0.268471 0.927195 -0.261180 0.004131
0.230626 0.284658 0.679172 -0.636009
0.356022 0.893471 0.058192 0.267529
-0.749208 -0.446157 0.407827 -0.270754
-0.363459 -0.659200 0.215644 0.621973
-0.104289 -0.057542 -0.680526 -0.722978
0.447440 0.567010 -0.654941 0.222149
-0.843894 0.447351 0.241436 -0.171547
0.219732 -0.326106 -0.138069 0.909016
0.168252 -0.721211 -0.566610 -0.361248
-0.484806 0.688257 0.317346 0.436528
-0.422043 0.048551 0.777377 0.463904
0.312872 -0.460288 0.024498 -0.830449
0.702684 -0.291030 -0.523466 0.384084
0.763742 -0.593600 -0.161393 -0.195680
0.341580 -0.095368 -0.930291 -0.093737
0.046163 -0.729872 -0.567227 0.378695
-0.564006 -0.800699 -0.196723 0.045595
0.800381 -0.021756 0.323277 -0.504390
