0.610178 0.676725 -0.038697 0.102625 -0.397110
-0.901729 -0.321258 -0.189713 0.213373 -0.046467
0.500886 0.193776 -0.121339 0.826888 0.114443
-0.260434 0.192598 0.831420 -0.374220 0.252549
0.558332 -0.793323 0.023671 -0.093119 0.222874
-0.244338 -0.712246 -0.482061 -0.131337 0.428221
-0.571569 -0.068332 -0.538833 -0.614605 -0.023655
0.065563 0.225941 0.201759 -0.862992 -0.398987
-0.252207 0.343375 0.008704 -0.725505 0.540419
-0.010857 0.117308 -0.795658 -0.313872 0.504514
0.235474 -0.229692 -0.042971 -0.367460 0.868861
0.111226 0.113852 0.156025 -0.119305 -0.967517
0.352888 0.729358 0.387489 -0.302714 0.318940
-0.808097 0.217089 0.258705 -0.450371 -0.173463
0.484309 -0.470248 0.403528 0.523088 -0.328413
0.086729 -0.622157 -0.373343 0.682024 0.029270
-0.317159 -0.295739 0.401805 0.777632 0.213987
-0.089867 0.890105 0.014828 0.425024 0.137013
0.406028 -0.019971 -0.429180 0.486594 -0.643252
0.521762 -0.105458 0.447726 -0.668135 0.264159
-0.722479 0.360312 0.442516 0.385281 0.062745
0.257375 -0.419671 -0.390251 -0.777985 0.008796
-0.292488 -0.038167 -0.487268 0.500324 0.652104
0.155416 0.151698 -0.646242 -0.419620 -0.599270
-0.695958 0.504285 -0.364840 0.003814 0.358074
-0.388175 0.224799 -0.318244 0.827986 -0.109294
0.291967 -0.360862 0.089935 0.486831 0.734467
0.426908 0.493070 -0.300594 0.165857 0.675844
-0.532268 0.442903 -0.301403 0.119754 -0.644471
0.133798 -0.459281 0.781335 0.036349 0.399192
0.637702 -0.245502 -0.694702 0.131884 0.181828
-0.211700 0.380663 0.307520 0.152670 0.832107
0.653218 0.361397 -0.355035 -0.548250 0.126769
-0.137162 0.809069 -0.319703 -0.456929 -0.124900
-0.651305 -0.305744 0.219468 -0.052388 0.656820
-0.343594 -0.523746 0.279980 -0.704201 0.182610
0.041916 0.337682 0.382218 0.666246 -0.542438
0.206125 -0.578730 0.489665 -0.403062 -0.469418
-0.496911 -0.380226 -0.056233 -0.411879 -0.660076
-0.321779 -0.209501 -0.877485 0.173617 -0.229009
-0.345036 -0.378699 0.025978 0.502993 -0.695600
-0.325439 -0.901883 0.253891 0.125441 -0.022355
0.918505 0.042225 0.230345 0.139986 0.286200
0.155019 -0.735251 -0.416711 -0.082772 -0.504853
0.239996 0.318366 0.713930 0.508732 0.269334
-0.207497 0.719187 0.483679 -0.144868 -0.429864
0.499043 0.171586 0.767120 -0.085194 -0.354659
0.835712 -0.175924 -0.067623 -0.219322 -0.466864
0.153701 0.542658 -0.775460 0.272796 -0.078374
-0.410141 -0.209603 0.779782 0.092630 -0.413777
