0.217236 0.166570 -0.350012 0.519936 0.729534
-0.067209 -0.011179 -0.696466 -0.683885 0.206385
-0.615551 0.369715 -0.239510 -0.381363 0.530665
-0.416282 -0.564523 -0.231967 0.230806 -0.633201
-0.268909 -0.274288 0.180337 -0.661613 0.618223
0.045642 -0.677819 0.368282 0.592728 -0.226981
0.511403 -0.344468 0.253462 0.042247 0.744164
-0.531209 0.281275 0.490045 -0.630660 -0.028717
0.278134 0.206145 -0.426618 0.828364 -0.109346
-0.752414 0.278606 0.472441 0.206418 0.300738
0.515103 0.354677 -0.291531 -0.430297 0.582003
0.441505 0.199988 0.582003 -0.531500 0.379287
-0.410404 0.712116 0.327731 0.073917 -0.459986
-0.125123 -0.557523 -0.453497 0.671391 0.130719
0.344977 0.302881 0.378825 0.620030 -0.511184
0.365252 -0.627231 0.195845 -0.223084 -0.620525
0.400404 0.398022 0.491294 -0.307008 -0.587905
-0.144478 -0.312225 0.847043 0.025559 0.404359
0.467943 0.737503 -0.274566 0.030399 -0.401008
0.655652 -0.263823 0.686132 0.143926 -0.095002
0.028383 -0.368563 0.662926 -0.618136 -0.204434
0.131072 -0.013375 0.437122 0.813803 0.359571
-0.929368 0.108288 -0.161904 -0.069872 -0.305704
-0.365566 0.578249 -0.414235 -0.483523 -0.355817
-0.722385 -0.544821 0.405884 -0.079897 -0.101020
0.619967 0.031547 -0.777020 0.070776 0.076661
0.743250 0.495856 0.166974 0.307071 0.282016
0.054508 -0.379565 -0.551415 -0.091149 0.735250
-0.273970 -0.059781 -0.926163 0.111491 -0.226183
-0.028422 0.671500 -0.693701 0.043111 0.255346
-0.257269 0.384390 -0.384856 0.415444 -0.682165
-0.535294 -0.026122 0.161984 0.790419 -0.248550
-0.450530 -0.411593 0.125200 0.390518 0.677817
0.442797 -0.212732 -0.231669 0.403623 -0.736271
0.080383 0.505383 0.838385 0.152669 0.109218
0.537587 -0.499637 -0.090538 -0.641699 0.203443
0.944439 0.039485 -0.030268 -0.238980 -0.220110
0.214188 -0.742344 -0.600090 -0.118659 -0.169882
-0.245430 0.019845 0.121490 -0.297168 -0.914495
-0.152738 0.788114 0.049436 0.565274 0.183215
0.303018 0.012978 -0.557187 -0.413026 -0.653425
-0.636976 0.209999 -0.457389 0.487425 0.321519
0.007293 -0.953044 0.158531 -0.100285 0.237625
0.725549 -0.484727 -0.133733 0.451451 0.130097
-0.098013 0.375281 0.264617 -0.005133 0.882898
-0.373145 -0.443637 -0.166175 -0.732002 -0.317030
-0.261359 -0.103962 0.760158 0.196583 -0.551723
-0.680061 -0.511721 -0.430804 -0.158070 0.255110
0.040516 0.895614 0.146747 -0.367117 0.199812
0.226867 0.264220 -0.000625 -0.921073 -0.174193
