0.786836 0.474707 0.115592 0.263993 -0.269236
-0.277969 0.156755 -0.767397 0.351616 0.430847
0.302455 0.613355 -0.374517 -0.126599 -0.613210
0.129686 -0.000653 0.218456 -0.489995 -0.833884
0.588108 0.316962 0.483255 -0.537408 -0.176977
-0.399431 -0.287168 -0.376041 0.643273 -0.450313
-0.279816 -0.038374 0.788214 -0.493010 -0.236411
0.260430 0.344575 -0.548294 0.690038 -0.191485
0.336304 0.831227 -0.242093 -0.252315 0.271457
0.693679 -0.229123 -0.419133 -0.296596 -0.450189
0.352688 -0.040216 0.739071 0.197704 -0.537290
-0.481829 0.219082 -0.615751 -0.525307 0.254456
0.686218 -0.040365 0.582871 0.293239 0.318979
0.134728 0.776993 0.232922 0.530471 0.206100
-0.127792 -0.657788 -0.286588 -0.220564 -0.648231
-0.497060 -0.286260 -0.015984 -0.788455 -0.221517
-0.092905 -0.066052 0.384349 0.370058 0.838057
0.218988 0.247056 -0.344432 -0.859119 -0.185174
-0.404156 0.779415 -0.443054 0.126545 -0.129851
0.431578 -0.661678 0.007624 -0.011857 0.612963
-0.904683 0.303294 0.278627 -0.024709 -0.106384
-0.858365 -0.311931 -0.403973 0.003496 -0.051987
0.105986 -0.681000 -0.687682 0.227760 0.014995
-0.622187 -0.489708 0.347501 0.473816 0.166766
0.033885 -0.402047 -0.211835 0.786025 0.417733
0.796974 -0.328240 -0.230533 0.451094 -0.021424
-0.335580 0.596233 0.174593 -0.701765 0.094527
0.108151 0.122105 -0.226384 -0.436920 0.855129
-0.557652 0.258543 -0.209738 -0.265090 -0.712683
0.539729 -0.628958 0.325753 -0.373960 -0.259120
0.170694 -0.015780 0.367734 0.907315 -0.110297
-0.634171 -0.144522 0.365305 -0.376051 0.549616
-0.313960 -0.902580 0.132586 -0.248381 0.086634
-0.269351 0.417607 0.166469 0.530100 -0.666586
-0.051173 0.782105 0.472275 -0.116179 -0.386201
0.126024 -0.527479 -0.534538 -0.617195 0.198047
0.051790 -0.505445 0.819278 -0.015338 0.265313
-0.142982 0.007864 -0.886045 -0.073171 -0.434817
-0.311857 0.270902 0.840077 0.342197 0.080807
0.187655 0.456768 0.623436 -0.249537 0.552455
0.467222 0.287261 -0.229060 0.422825 0.684057
0.165810 -0.262646 0.332892 -0.807371 0.375312
0.858302 0.026597 -0.062158 -0.358806 0.360563
-0.478113 0.580337 -0.005571 0.037748 0.658150
0.466446 0.148935 -0.835478 -0.088940 0.233049
-0.491910 -0.368694 0.447848 0.135727 -0.634901
-0.591502 0.271955 -0.056801 0.734699 0.182091
0.188083 -0.799104 0.239085 0.452138 -0.253904
0.339914 -0.150639 -0.127494 0.384420 -0.835304
-0.404037 -0.463402 -0.344478 -0.001327 0.709469
