-0.027272 0.059686 -0.409431 -0.216349 0.808033 0.313287 0.173747
-0.361358 -0.284289 -0.096935 0.711757 -0.138728 -0.129992 -0.486275
-0.036198 0.340947 -0.640438 -0.015190 -0.581056 -0.195681 -0.310059
0.376144 0.201039 -0.096387 0.618110 -0.086836 -0.638254 0.108810
0.213737 0.578708 0.185920 0.381927 -0.148994 0.086679 -0.639740
0.173980 -0.107975 -0.039000 -0.100617 -0.036831 -0.670527 -0.703892
0.494707 -0.011606 -0.659399 0.209359 0.217248 0.090537 -0.470211
-0.141945 0.112821 0.656937 0.656204 -0.066990 0.236145 0.211426
0.414097 0.165983 -0.721785 -0.098761 -0.096213 0.019931 0.510482
-0.320276 -0.192203 0.679702 -0.064342 -0.017914 0.163730 -0.605985
-0.357249 -0.041329 0.245213 -0.601985 0.529040 -0.406423 -0.055550
-0.499774 0.243330 -0.324055 -0.128787 0.299230 0.087062 -0.687241
0.089361 0.078511 -0.104534 -0.424236 -0.366082 -0.744680 0.326163
0.463173 0.087904 0.161856 -0.439677 0.425217 0.220618 -0.573366
0.314381 -0.533459 0.345520 -0.635502 -0.244731 -0.115524 -0.141774
-0.489399 0.263835 0.018548 0.018130 -0.563681 0.569165 -0.220276
-0.105627 -0.703321 0.181291 0.048871 -0.428012 0.523047 0.046421
0.347443 -0.626222 -0.477658 0.015752 -0.445330 -0.241934 -0.043279
0.646962 -0.291809 -0.124481 -0.188340 0.472404 -0.444085 0.157938
0.041506 -0.088700 -0.000447 0.242606 0.234594 0.855429 -0.380472
-0.039121 0.088847 -0.062775 -0.065315 -0.078802 0.784755 0.600266
-0.035657 0.083815 0.256298 0.441475 0.770490 -0.236751 -0.285321
-0.073608 0.444385 0.181037 -0.666714 -0.381890 -0.068691 -0.411416
-0.584376 0.429630 -0.389505 -0.452001 -0.029666 0.012940 0.341842
0.375262 0.302984 0.768804 -0.077682 0.068847 -0.406815 -0.006794
0.381620 0.267444 0.098872 -0.751108 0.108371 0.149289 0.418175
-0.181760 -0.585270 -0.218700 -0.419634 0.112726 -0.035532 0.621716
-0.288287 0.584203 -0.364670 0.586345 0.244084 0.156969 0.120816
0.244008 0.724053 -0.295473 -0.220807 0.329841 -0.395490 -0.122232
0.059239 -0.066237 0.376631 0.178728 -0.844282 -0.262154 -0.191760
0.616319 -0.436173 0.356708 0.414325 -0.006605 0.038216 -0.359853
-0.449705 -0.089685 -0.165376 0.374031 -0.482341 -0.207472 0.588877
-0.600048 0.458617 0.276467 0.202738 -0.078191 -0.541045 -0.115030
-0.404914 -0.005726 0.614197 -0.387858 -0.347142 0.089506 0.424053
0.129129 0.765023 0.120441 0.058704 -0.477908 0.012526 0.389307
-0.397386 -0.295888 -0.757403 0.183894 -0.063559 0.376334 0.037307
-0.250333 0.639879 0.423301 -0.184403 0.348859 0.438640 -0.024340
0.009684 -0.192482 -0.462787 -0.702517 -0.107322 0.443448 -0.216772
0.686229 0.395056 0.100510 0.294336 0.359777 0.312889 0.221235
0.531778 -0.249873 0.291213 0.091077 -0.335508 -0.035925 0.669193
0.661597 0.113973 0.003022 -0.235854 -0.516953 0.443115 -0.173414
-0.654248 -0.401642 -0.133322 -0.332002 -0.396072 -0.261766 -0.239266
-0.192149 -0.569622 0.449520 0.235553 0.066070 -0.590159 0.168530
0.132328 -0.476164 -0.186172 0.620212 0.392853 0.106347 0.413269
-0.309664 -0.121311 -0.586543 0.127261 0.343982 -0.637846 0.063183
-0.097212 -0.771570 -0.153247 -0.096353 0.441624 0.038594 -0.407356
-0.121361 0.272542 0.189983 0.113999 0.437264 -0.311849 0.757267
-0.827725 -0.209540 0.166807 0.165363 0.363834 0.236512 0.165777
0.286563 0.025662 -0.268557 0.673517 -0.493239 0.375943 0.082813
0.152665 -0.376012 0.594248 -0.152002 0.491361 0.390137 0.255795
