-0.855372 -0.403798 0.324479
-0.194542 0.377938 -0.905161
-0.727551 -0.665390 -0.167110
0.691400 0.634596 -0.345331
-0.319100 0.932376 -0.169855
0.523433 -0.275018 -0.806464
-0.249248 0.589663 0.768227
-0.372578 0.860658 0.347064
0.982171 -0.171342 0.077337
0.856353 0.079233 0.510276
0.300242 -0.948570 -0.100352
0.359204 -0.495868 0.790625
-0.761435 -0.277677 -0.585758
0.329265 0.556783 -0.762612
0.085487 0.985652 0.145538
-0.694458 0.488279 0.528499
0.765633 -0.427653 0.480539
0.938527 0.189695 -0.288415
-0.382193 0.125561 0.915512
0.026261 -0.849981 -0.526159
-0.587858 0.631759 -0.505276
0.154309 0.321662 0.934196
-0.633469 0.181245 -0.752242
-0.753037 0.657837 0.013604
-0.317080 -0.179516 -0.931254
0.564928 0.807422 0.170075
-0.775925 -0.010686 0.630735
0.516750 -0.692375 -0.503573
0.424548 -0.816273 0.391738
-0.528818 -0.776570 0.342477
-0.056144 -0.960581 0.272271
-0.106591 0.781321 -0.614959
-0.019566 -0.206794 0.978189
-0.963091 0.187691 0.192947
-0.491785 -0.414859 0.765532
-0.312172 -0.936136 -0.161858
0.184733 0.781338 0.596141
0.278553 0.907572 -0.314200
0.507447 -0.018761 0.861479
0.182287 0.064672 -0.981116
0.669739 0.199353 -0.715338
-0.092884 -0.703237 0.704862
0.753123 -0.657743 -0.013454
-0.427882 -0.640928 -0.637281
0.857732 -0.303827 -0.414710
0.069145 -0.484800 -0.871887
0.590525 0.498940 0.634302
-0.968014 -0.214753 -0.129728
-0.909814 0.259501 -0.323880
0.888885 0.432430 0.151290
