0.399114 -0.275507 0.210496 -0.544090 -0.374435 0.533160
0.134430 -0.867214 0.022397 0.004300 0.132293 -0.460268
-0.460010 -0.279828 -0.337666 0.320731 -0.677596 0.184566
0.220734 -0.103385 0.126278 0.200691 0.798371 0.496960
0.239287 0.383222 0.211339 -0.521625 -0.120603 -0.681602
0.233623 0.043789 0.729303 0.572651 -0.284016 -0.055006
-0.134494 0.867269 -0.022418 -0.004326 -0.132397 0.460115
0.529098 0.076256 -0.844466 -0.013808 0.016604 -0.025534
-0.762847 -0.120088 0.115189 -0.558859 0.267442 0.080782
-0.398923 0.275449 -0.210452 0.544324 0.374309 -0.533200
