0.685715 -0.497870 0.530962
-0.768201 -0.189340 0.611570
0.265772 -0.554753 0.788425
0.768161 0.189649 -0.611524
0.875769 -0.293641 -0.383149
0.552343 -0.684378 -0.475967
0.684397 -0.729056 0.008835
-0.409679 0.834021 0.369557
-0.854522 0.409254 -0.319849
-0.178673 -0.978960 0.098560
0.324980 0.180192 -0.928396
0.561092 0.477440 0.676186
-0.503123 0.842045 -0.194490
0.483690 0.841104 0.242048
0.941540 -0.311645 0.127984
-0.401479 0.079717 0.912393
-0.394674 -0.436713 -0.808402
-0.707267 0.015040 -0.706787
0.058794 -0.140365 0.988353
0.761543 0.597796 -0.250383
-0.616536 -0.785028 -0.060123
-0.972078 0.112514 0.205926
0.207575 -0.955092 -0.211451
-0.286142 0.105190 -0.952396
-0.041745 0.533257 -0.844922
0.431970 0.616616 -0.658170
0.150233 0.351850 0.923922
-0.588605 -0.675880 0.443543
0.105649 -0.695591 -0.710628
0.839801 0.483658 0.246596
0.983311 0.142768 -0.112766
0.060737 -0.261028 -0.963419
-0.792232 0.592390 0.146434
0.541293 -0.055972 0.838969
-0.958889 -0.082207 -0.271613
0.348288 0.906205 -0.239765
-0.520284 0.538839 -0.662538
-0.336116 -0.434982 0.835354
0.121258 0.806552 0.578593
-0.738251 -0.497060 -0.455979
0.546640 -0.275224 -0.790845
-0.283625 0.563063 0.776220
-0.108297 -0.814217 0.570370
0.874177 0.039587 0.483991
0.336631 -0.883182 0.326603
-0.286458 -0.847378 -0.447094
-0.096406 0.873901 -0.476448
-0.719666 0.353352 0.597681
-0.041818 0.995971 0.079328
-0.906355 -0.402350 0.128980
