-0.285052 -0.958512
0.888118 -0.459616
-0.162681 -0.986679
0.402944 0.915224
0.448346 -0.893860
0.745909 -0.666047
-0.711558 -0.702627
-0.794012 -0.607902
0.999685 0.025084
0.211970 -0.977276
-0.745919 0.666037
0.863947 0.503583
0.332775 -0.943006
0.994947 -0.100406
-0.514468 -0.857509
-0.888123 0.459606
0.285055 0.958511
-0.556849 0.830614
-0.656561 0.754273
0.988659 0.150177
-0.999685 -0.025101
-0.617886 -0.786268
0.920249 0.391333
-0.938724 0.344670
-0.087818 0.996137
-0.448355 0.893855
-0.962039 -0.272913
-0.988657 -0.150193
-0.863942 -0.503591
0.617893 0.786262
0.823509 -0.567303
0.938719 -0.344684
0.656555 -0.754278
0.162679 0.986679
-0.994948 0.100390
-0.974520 0.224301
-0.920245 -0.391343
0.514475 0.857505
-0.037732 -0.999288
-0.332788 0.943002
0.962041 0.272905
0.974518 -0.224308
-0.211972 0.977276
0.556838 -0.830621
-0.402936 -0.915228
-0.823517 0.567292
0.087813 -0.996137
0.794016 0.607897
0.037727 0.999288
0.711564 0.702621
