0.135779 -0.137121 0.102788 -0.795202 0.053069 0.149888 -0.542741
0.681548 -0.317967 -0.309357 -0.427929 -0.383759 -0.063078 0.065686
-0.033401 -0.012311 0.211245 -0.396924 -0.667677 0.577418 0.131743
0.353969 0.593243 -0.262829 -0.374484 -0.089306 -0.453458 -0.315992
-0.081559 -0.364393 -0.109946 0.737830 0.386702 0.363305 -0.150185
-0.056214 -0.391079 -0.257497 -0.526782 0.132996 -0.691148 -0.068693
0.372168 -0.412001 0.227321 0.309777 -0.129259 0.378119 0.620023
-0.805408 -0.088813 0.265522 -0.500369 -0.126931 -0.079806 -0.008867
-0.089228 0.558489 -0.709687 0.249951 0.247904 0.176998 -0.145644
0.093516 0.114988 -0.247620 0.314158 0.622513 -0.630699 -0.180881
-0.401301 -0.488653 0.281687 0.206129 0.412511 -0.280366 0.479133
0.343546 0.513072 -0.388002 -0.158337 -0.244263 0.191103 0.589010
0.137647 -0.372834 -0.724585 0.105857 0.290147 -0.056069 0.467429
0.157807 -0.476413 0.694786 -0.329726 -0.275663 -0.267746 0.094883
-0.261971 0.205557 0.286438 0.102090 -0.212885 -0.866352 -0.027618
0.285514 0.368917 0.112679 0.045754 0.542597 0.210347 -0.654931
-0.687192 -0.230534 -0.502375 0.311189 -0.069050 -0.317436 -0.140952
-0.238527 -0.894939 -0.120314 -0.143825 -0.126523 0.299930 -0.032579
0.176098 0.298423 0.053653 0.174280 0.744518 0.244819 0.482117
-0.195877 0.393210 0.612492 -0.047622 -0.129662 -0.001765 0.642486
0.475788 0.278663 0.234586 0.200949 -0.729649 -0.238274 0.106769
-0.234327 -0.278059 -0.165746 -0.116048 -0.584034 -0.302661 0.627802
0.123259 0.517226 0.221600 0.483059 -0.155424 0.640678 0.014353
-0.238952 0.052435 -0.719579 -0.590998 -0.241623 0.116530 -0.033459
-0.295060 -0.428894 0.358152 0.097515 0.239321 -0.282528 -0.673877
-0.019465 0.250400 0.486229 -0.461389 0.567217 -0.403608 -0.054656
0.276031 -0.618117 -0.073116 0.481827 -0.217787 -0.505390 -0.037203
0.476942 -0.352391 0.303891 0.200952 -0.301424 0.374698 -0.533254
-0.648745 0.440719 0.275863 0.379610 0.385324 -0.016557 -0.126270
0.718289 0.323516 0.434368 -0.362539 0.050453 0.224472 0.079726
-0.433435 -0.183597 -0.293309 -0.278455 0.747258 0.166785 -0.169253
-0.069962 0.459502 0.646724 -0.166312 -0.292808 -0.025310 -0.501672
0.084808 -0.154040 -0.556642 0.414639 -0.609797 0.339782 -0.000328
-0.200008 -0.222408 0.659413 -0.075271 0.328711 0.601390 -0.017865
0.338561 -0.107093 -0.347583 -0.175012 0.206509 0.824014 -0.028627
-0.444706 0.649065 -0.175652 0.037889 -0.587505 -0.058670 0.007610
0.529781 -0.571195 0.135950 -0.107817 0.598519 -0.021159 -0.065495
-0.454239 -0.269425 0.449951 0.515496 -0.489143 0.116244 0.010492
-0.486273 0.035206 -0.125367 0.030320 -0.152687 0.562649 -0.637005
0.248763 -0.272554 -0.631051 -0.019638 0.108374 -0.077183 -0.668968
-0.106712 -0.181976 -0.097005 -0.231704 -0.727032 -0.312857 -0.515699
-0.202197 0.693926 0.024146 -0.525602 0.192588 0.404073 -0.019422
0.019432 -0.231122 0.043313 -0.705694 0.232268 0.181573 0.599506
-0.077658 0.251495 -0.155411 0.763921 -0.071783 -0.239406 0.510416
0.831266 0.188082 -0.299469 0.413022 0.105760 -0.002613 -0.046485
-0.592879 -0.023667 -0.202756 0.138806 0.019758 0.566421 0.516075
0.526282 0.069564 0.074094 -0.094128 0.130375 -0.616571 0.553787
0.043012 0.324075 -0.087117 0.609247 -0.237508 -0.252392 -0.627887
0.314476 0.053131 0.705126 0.550256 0.236585 -0.204494 -0.022511
-0.394206 0.439966 -0.336134 -0.257204 0.272518 -0.436966 0.454628
