0.058674 0.553751 -0.160593 0.194431 0.424414 0.334377 0.578263
0.413266 -0.736393 0.410059 0.180792 -0.140422 0.200888 -0.161331
-0.585649 -0.200171 0.494644 -0.381390 -0.028160 0.148223 0.451722
-0.400449 -0.450948 -0.356766 0.127989 0.665698 0.083109 -0.206305
0.615742 0.028821 -0.248830 -0.647956 0.323284 0.008187 -0.183541
-0.162977 0.276003 -0.120150 0.429827 -0.295333 0.567697 -0.537188
0.133102 -0.104908 -0.125816 0.599189 0.000113 -0.723861 0.269157
0.197544 -0.064567 -0.402174 -0.155125 -0.744095 0.150936 0.441068
-0.472086 0.182614 -0.249209 -0.374948 -0.284032 -0.535429 -0.416818
0.202865 0.515787 0.758852 0.027193 0.078521 -0.234116 -0.235028
