-0.394807 0.411516 -0.552718 -0.512324 -0.271130 0.182477
0.422618 -0.480378 -0.396877 0.485041 0.260652 0.360438
-0.067860 -0.840227 0.303379 -0.058493 0.187925 0.398294
-0.820415 -0.367615 -0.380115 -0.014271 -0.025046 0.215548
-0.485555 0.490265 -0.230354 0.683834 -0.051656 -0.022720
0.028405 -0.719507 -0.629467 -0.184003 -0.191050 0.122137
-0.142857 -0.277960 0.008095 -0.621302 -0.716399 -0.054959
0.067946 0.840225 -0.303432 0.058479 -0.187837 -0.398285
-0.031529 0.702764 0.143473 -0.001413 -0.007469 0.696051
-0.415034 -0.330166 -0.102171 -0.764026 0.253187 -0.245884
-0.195512 0.002509 -0.827277 0.220833 0.413406 -0.240229
-0.513355 -0.590581 0.439910 0.008232 -0.387274 -0.210028
0.088624 -0.124900 -0.471293 -0.495802 0.544802 0.460218
0.142812 0.278014 -0.008147 0.621407 0.716297 0.054935
0.031528 -0.702783 -0.143443 0.001435 0.007483 -0.696037
0.297607 0.481636 0.141679 -0.797375 0.023053 0.151805
-0.028283 0.719549 0.629437 0.184024 0.190975 -0.122151
0.542051 0.019694 -0.495977 0.498748 -0.197917 -0.414583
0.415026 0.330105 0.102186 0.764035 -0.253237 0.245895
0.195455 -0.002536 0.827274 -0.220841 -0.413415 0.240261
-0.363484 -0.068666 -0.137928 0.323755 0.429329 0.744983
0.394836 -0.411487 0.552681 0.512345 0.271125 -0.182539
0.063686 0.164062 0.067161 0.455316 0.295606 -0.818426
-0.554554 0.556543 -0.191827 -0.175751 0.550850 0.107738
0.636815 -0.073177 0.269940 0.059315 0.113403 0.707012
0.728171 -0.004032 -0.410973 -0.265311 -0.399790 0.265763
0.485579 -0.490228 0.230329 -0.683862 0.051546 0.022700
0.239905 0.051112 -0.688019 -0.527105 -0.053319 -0.431022
0.820475 0.367541 0.380050 0.014212 0.025057 -0.215561
-0.001393 0.220650 -0.740902 0.290806 -0.240498 0.509871
0.363419 0.068668 0.137946 -0.323753 -0.429387 -0.744978
-0.542010 -0.019695 0.495961 -0.498745 0.198031 0.414605
0.249258 0.504561 0.075063 -0.052160 -0.808011 0.148494
-0.728202 0.004191 0.410996 0.265345 0.399670 -0.265787
-0.249408 -0.504466 -0.074932 0.052219 0.808023 -0.148551
-0.239843 -0.051156 0.688066 0.527089 0.053392 0.430987
-0.063691 -0.164063 -0.067188 -0.455398 -0.295610 0.818376
0.554566 -0.556502 0.191812 0.175759 -0.550882 -0.107742
-0.297666 -0.481634 -0.141680 0.797356 -0.023030 -0.151801
0.001452 -0.220610 0.740924 -0.290841 0.240523 -0.509825
0.705266 -0.287228 -0.198615 -0.096859 0.536692 -0.288500
-0.072976 -0.368253 0.016244 0.414399 -0.617268 0.553222
0.196297 0.086474 0.490858 -0.224688 0.765017 0.278052
-0.705351 0.287125 0.198621 0.096839 -0.536604 0.288561
0.072950 0.368239 -0.016208 -0.414436 0.617281 -0.553193
-0.196229 -0.086430 -0.490893 0.224803 -0.764992 -0.278028
-0.088666 0.124809 0.471292 0.495821 -0.544789 -0.460230
-0.636774 0.073151 -0.269964 -0.059347 -0.113490 -0.707026
-0.422674 0.480369 0.396889 -0.485025 -0.260637 -0.360403
0.513371 0.590482 -0.439905 -0.008290 0.387371 0.210096
