-0.868304 -0.151906 -0.472067 -0.011259
-0.371216 0.597235 0.050967 -0.709163
-0.070234 0.231485 0.795548 0.555505
-0.679255 0.516728 0.153931 -0.497907
-0.296912 -0.257300 0.918499 0.044723
-0.359737 0.290929 0.592407 0.659548
0.768821 0.239663 -0.207566 -0.555333
0.966209 -0.001695 0.025311 0.256509
-0.330404 -0.373064 0.800179 -0.333722
-0.105634 -0.205778 -0.213730 -0.949114
0.468579 -0.801522 -0.024840 0.370648
-0.113067 0.605152 0.273430 0.739083
-0.255610 0.809263 0.068971 0.524405
0.159026 -0.671613 0.527744 0.495111
-0.086302 0.292136 -0.820376 -0.483934
-0.144088 0.600340 -0.675287 0.403509
0.452564 -0.841421 0.135314 -0.262465
0.233498 0.583813 -0.695007 0.348722
0.119641 0.358588 0.234400 -0.895633
0.624294 -0.213649 0.661561 -0.356299
0.247753 -0.719367 0.206171 0.615326
0.547780 -0.289409 -0.632715 -0.464599
0.042479 -0.170942 -0.342651 0.922804
0.641004 0.691892 -0.056611 -0.327407
-0.561574 0.699745 0.250769 0.363466
-0.723952 0.400509 -0.528850 0.189219
-0.311325 0.491364 -0.403779 0.706118
-0.299287 -0.331129 -0.559230 -0.698601
-0.436947 0.171371 -0.526495 0.708884
0.612660 0.774681 0.089415 0.128543
-0.202409 -0.820162 0.366357 -0.390062
0.818623 -0.338149 0.324724 -0.331763
-0.944890 0.065544 0.002675 0.320751
-0.512675 0.291643 -0.796828 -0.131051
-0.463804 -0.638084 -0.436941 0.432225
-0.549436 -0.203343 -0.601685 0.542906
-0.052689 -0.502641 -0.299871 0.809108
0.852905 -0.035195 -0.283249 0.437132
0.810560 0.564741 0.120605 -0.097582
-0.139108 0.554286 0.621262 0.536145
0.435710 0.428643 0.570333 -0.548765
0.928268 0.044287 -0.215287 -0.300017
-0.078673 0.144004 0.431142 -0.887238
-0.709702 -0.075542 -0.656347 0.244596
-0.367189 -0.629087 -0.164381 0.665133
-0.060692 -0.447877 0.351471 -0.819873
0.062808 0.750903 -0.276779 -0.596318
0.838121 -0.493575 -0.210773 -0.097531
-0.651056 -0.414262 -0.275932 0.573041
0.419777 0.787052 0.079120 0.445061
-0.311314 0.031332 -0.702870 -0.638808
0.376710 -0.890611 -0.231858 0.105567
0.567251 0.061616 0.573210 -0.588099
-0.512787 -0.779343 -0.127342 0.336837
-0.044471 0.179714 -0.283276 -0.941000
-0.671632 0.103300 -0.245975 -0.691185
-0.773602 -0.546249 -0.159545 0.278745
0.619967 -0.520935 -0.172560 0.560796
-0.919292 -0.257986 -0.161269 -0.249678
0.427494 0.198888 0.881642 0.020024
-0.514622 -0.628069 0.409718 0.415723
-0.781500 0.199313 0.310648 -0.503021
0.120467 0.417316 0.148808 0.888365
-0.496057 0.686665 -0.480878 0.226222
0.143498 -0.914656 0.095475 0.365648
0.585155 -0.771696 -0.211952 -0.130976
0.398311 0.554947 0.219085 0.696696
-0.121367 0.887634 0.148156 -0.418841
-0.406464 -0.507694 0.717807 0.248571
0.028717 -0.168642 -0.013201 0.985171
0.764644 -0.129185 -0.077084 -0.626650
0.820802 -0.265235 -0.453137 -0.224948
0.133630 -0.859090 0.461672 0.175978
0.297081 0.162440 0.507516 -0.792328
-0.405432 -0.649276 0.592500 -0.251021
-0.482952 0.021080 0.366508 -0.794975
0.718029 0.336578 0.485897 0.367498
-0.952062 0.301384 0.038123 0.035959
0.894773 -0.285254 -0.042702 -0.340865
-0.441984 0.592882 -0.054921 0.670914
0.847723 -0.186628 -0.477128 0.137425
-0.297576 -0.199967 -0.199747 0.911902
0.911036 -0.265074 0.238343 0.207228
0.050104 -0.691400 -0.606062 -0.390057
-0.592959 -0.117968 -0.494400 -0.624542
-0.098777 -0.444377 -0.864704 0.212271
-0.260054 -0.533365 -0.707275 -0.384260
-0.165969 -0.536812 -0.281912 -0.777698
0.128403 -0.160364 0.444983 -0.871658
-0.903931 0.134218 -0.350224 0.205517
0.873780 0.296541 0.352936 -0.154950
0.445881 -0.769595 0.328352 0.317962
0.718253 -0.386359 -0.418802 0.399305
0.486854 0.627771 -0.598351 -0.104185
-0.726259 -0.152157 0.345469 -0.574498
0.415108 0.479672 0.750852 -0.183906
0.260785 -0.097186 0.529883 0.801106
0.421433 0.103276 -0.898519 -0.066295
-0.340646 0.013178 -0.399870 -0.850818
0.134252 0.276933 -0.873900 0.376277
0.654098 0.160506 -0.260529 0.691753
-0.521511 -0.604617 0.354773 -0.486417
0.936557 0.191116 -0.254743 0.146434
0.319509 -0.384270 -0.307844 0.809619
-0.185284 0.792274 -0.575196 0.084401
0.313485 0.277298 -0.104269 -0.902198
0.144245 0.750310 0.592245 0.255883
-0.509798 -0.276706 0.594839 -0.556513
0.583710 0.498694 -0.100559 0.632832
0.224045 0.600718 0.348997 -0.683479
0.120009 -0.279963 0.068408 -0.950021
-0.699353 -0.398736 0.511145 -0.301076
0.539924 0.778049 0.259196 -0.189593
-0.402618 -0.450332 0.310501 0.733955
0.328470 -0.152833 0.702279 -0.612825
-0.245393 0.636720 -0.699542 -0.212159
-0.512038 -0.156309 0.791606 0.294525
-0.859374 0.324528 0.264457 0.293634
0.584044 0.088299 0.511416 0.624140
0.601384 -0.582641 -0.468939 -0.281004
0.042997 0.088530 0.266593 0.958772
0.348571 -0.325758 0.878543 -0.023308
0.079109 -0.718507 0.360667 -0.589414
0.079684 0.594795 -0.499252 0.624995
0.316146 0.041364 0.177254 -0.931087
-0.192466 0.696310 0.677654 0.137460
-0.299630 0.907780 -0.240219 0.168680
0.174196 -0.670199 -0.648260 0.316622
0.551488 -0.489157 0.660437 -0.142859
-0.352024 -0.401056 -0.444083 0.719739
-0.515353 0.276973 -0.185062 0.789589
0.656291 -0.417044 0.124417 -0.616343
-0.469636 0.006847 0.427491 0.772430
-0.135679 -0.234220 -0.816850 -0.509401
-0.648913 0.656718 -0.244305 -0.296563
-0.144511 0.429006 0.850681 0.267232
-0.626764 0.085953 -0.660840 -0.403819
-0.647114 -0.551233 0.092515 0.518485
0.087012 -0.293836 -0.613110 0.728139
0.405207 -0.543915 -0.097050 -0.728386
-0.852673 -0.343316 0.393805 -0.000245
0.733767 0.266337 -0.506075 -0.366797
-0.456122 0.549820 0.607490 0.347285
0.026016 -0.465775 -0.580343 -0.667518
-0.454791 0.408176 0.789094 0.062361
-0.238493 0.945985 -0.137319 -0.171400
0.181284 -0.471151 0.019780 0.862996
-0.384520 0.703501 0.343438 -0.489164
-0.053812 0.833358 -0.466521 -0.291508
0.226671 0.358263 -0.676381 -0.602310
0.148615 -0.837064 0.043043 -0.524772
-0.439573 -0.463670 -0.702242 0.314075
0.433610 0.253359 0.009709 0.864695
-0.644278 0.009821 0.576196 0.502801
-0.287100 -0.785080 0.523405 0.165141
0.261195 0.160126 0.710625 0.633363
0.392569 0.780749 -0.446127 0.193111
-0.757436 -0.104018 0.640745 0.070126
-0.605434 0.543624 -0.566593 -0.129982
0.645882 0.297943 -0.701871 -0.038038
-0.419793 0.212642 0.800407 0.371358
-0.554790 -0.592872 -0.533860 -0.236016
-0.163339 -0.006425 0.948220 0.272322
0.330744 -0.051657 -0.784572 0.521908
0.144446 0.197821 0.932937 0.263879
-0.344853 -0.936647 -0.050487 -0.034949
0.308187 -0.186394 -0.573775 -0.735568
-0.939244 -0.233363 -0.179284 0.176692
-0.020868 -0.630800 0.674446 -0.383118
-0.019095 -0.642425 0.725451 0.246268
-0.850777 0.039175 -0.361390 -0.379528
0.341080 -0.555963 -0.712948 -0.257440
0.400226 -0.052300 0.879215 -0.253113
-0.807878 -0.187282 -0.026996 0.558149
-0.244587 -0.679005 0.190102 -0.665577
0.753224 0.385427 -0.333001 0.416188
0.483931 0.422049 -0.404039 -0.651489
-0.709020 0.218289 0.632300 0.223242
0.100512 0.172037 -0.111787 0.973553
0.057853 0.395546 0.611381 -0.682943
0.002866 0.018528 -0.783039 0.621691
0.898325 0.317652 0.217563 0.211609
-0.201715 -0.267693 0.550297 0.764739
-0.484309 0.385823 0.362875 -0.696354
0.375309 0.913858 -0.018639 -0.153821
0.286302 -0.816841 -0.434079 -0.249757
0.635794 -0.083701 -0.757089 0.124810
0.047113 0.948000 -0.314371 0.015768
0.365977 0.021859 -0.816839 -0.445374
0.027270 -0.273136 0.323177 0.905655
-0.072717 0.586175 -0.594689 -0.545396
-0.295818 0.925751 0.116720 0.204585
0.160634 0.682359 0.436194 0.564198
0.148565 0.270822 0.933108 -0.184103
0.565041 -0.543333 0.188962 0.591449
-0.248085 -0.701461 -0.426249 -0.514509
-0.717439 -0.366243 0.508143 0.304859
-0.041869 -0.311990 0.758438 -0.570686
0.422013 -0.399109 -0.565618 0.585401
-0.602399 -0.623947 0.496674 0.033498
-0.303756 -0.263895 -0.906680 -0.126584
0.500285 -0.401488 -0.715059 0.277875
-0.047223 -0.060285 -0.941166 0.329154
0.141228 -0.903790 0.316011 -0.251709
0.158843 0.482720 -0.362393 -0.781296
0.692172 -0.518669 -0.496347 0.074301
0.194734 0.283333 -0.898376 -0.273354
-0.473953 -0.795807 0.065349 -0.371199
0.556968 0.605259 0.233823 -0.518436
-0.302704 0.915443 0.223282 -0.143111
-0.710282 0.651289 -0.257739 0.069969
-0.266166 -0.894419 -0.327858 0.147242
0.099032 0.751980 0.641184 -0.116637
0.612434 0.205041 0.705126 -0.292712
0.076970 0.023118 -0.762400 -0.642096
0.275056 0.821639 0.128625 -0.482400
-0.183311 -0.914903 -0.037279 0.357715
0.374919 -0.627365 0.657717 0.182365
-0.095953 0.256313 0.855079 -0.440383
0.429113 -0.679985 0.223691 -0.550859
0.969073 -0.115322 0.187350 -0.111803
0.060730 -0.611873 0.007888 -0.788582
0.746534 -0.086042 -0.414795 -0.513060
0.622236 0.744182 -0.241225 -0.028757
0.236641 -0.409272 0.796873 0.376154
0.840925 0.240714 -0.025437 0.484000
-0.161900 0.229932 0.959627 -0.006162
0.346037 -0.084803 0.171439 0.918519
0.467901 0.348863 0.259511 -0.769427
-0.576482 -0.016088 0.041871 0.815879
-0.581168 -0.080285 -0.314769 0.746137
-0.406320 -0.175018 -0.870034 0.217521
0.470779 -0.167027 0.379080 -0.778953
-0.792763 0.170776 -0.579050 -0.084044
0.118478 0.752123 0.083474 0.642891
-0.713980 -0.630791 0.224804 -0.204447
0.634644 -0.108541 -0.608919 0.463319
-0.065386 -0.913899 -0.298439 -0.267300
0.081138 0.384717 0.515326 0.761478
0.328314 -0.213078 -0.902539 -0.179532
-0.983461 -0.114247 0.136564 0.033201
0.473559 0.382006 -0.711791 -0.350952
0.657093 0.303890 0.230930 0.650040
-0.589739 0.494432 -0.186130 -0.610821
-0.443671 0.785116 0.419848 0.102359
-0.617728 0.704293 0.298350 -0.182678
-0.302550 -0.041654 0.794158 -0.525397
-0.681445 -0.245777 0.303967 0.618733
0.047958 -0.691456 -0.719775 -0.038896
0.762565 0.482814 -0.428943 0.037357
-0.895742 -0.266488 0.197144 -0.296252
-0.551263 0.834163 -0.011775 -0.012008
-0.385023 0.306183 -0.168853 -0.854107
-0.158772 0.524359 0.820891 -0.161177
-0.285868 0.276390 0.175472 -0.900610
-0.216755 -0.265528 -0.781034 0.522014
-0.766065 0.615344 0.124183 0.138114
-0.064396 0.047751 0.582990 0.808515
0.706591 0.571406 0.405412 0.099336
0.242574 0.150099 -0.478668 -0.830365
-0.295446 0.231085 0.619507 -0.689582
-0.977326 0.050430 -0.181173 -0.097305
-0.395112 0.385870 -0.709999 -0.436913
-0.543698 -0.710347 -0.437896 0.089711
0.737509 -0.310235 0.426239 0.422085
0.318018 -0.687689 0.537947 -0.369544
-0.029177 -0.129992 -0.530331 -0.837258
0.358140 -0.093908 0.895733 0.246131
-0.065789 -0.826537 0.548135 -0.109816
-0.228615 -0.040303 0.948375 -0.216096
0.013850 -0.991619 -0.111183 0.064334
0.841967 0.502921 -0.089692 0.173566
0.768352 0.162332 -0.561995 0.259705
0.083201 -0.064728 0.914077 -0.391601
-0.057706 0.911405 0.400486 0.074987
0.482778 0.192741 0.772662 0.364378
0.522066 0.103366 -0.578054 -0.618561
0.290452 -0.945249 0.138056 0.055532
0.154355 -0.869010 -0.278140 0.378992
0.586920 -0.196524 0.339734 0.708158
0.657722 0.515766 0.485875 -0.255568
0.861034 -0.488011 0.137097 -0.040869
-0.489176 0.063222 0.869512 0.025690
0.245380 0.314450 -0.669875 0.626245
0.503140 -0.331263 0.005169 0.798179
0.681781 -0.574351 0.431583 0.137959
-0.407465 0.638295 -0.464031 -0.459595
0.974658 0.209582 0.028563 -0.072817
-0.131916 0.324938 -0.677467 0.646572
0.712079 -0.612927 0.021614 -0.341757
0.012686 -0.189907 -0.981564 0.017500
0.083760 -0.886580 -0.450031 0.066587
-0.753811 -0.275881 -0.507191 -0.313714
-0.293251 -0.045790 0.750663 0.590265
-0.414037 0.565965 0.335488 0.629052
0.319233 -0.677445 -0.147655 0.646033
0.721738 0.277584 0.368918 -0.515696
-0.445645 -0.810003 -0.268636 -0.270427
0.046819 0.821771 -0.459163 0.334172
0.300833 -0.402353 0.780417 -0.372238
0.021295 0.998617 0.046498 0.012255
-0.517540 0.304159 0.181958 0.778802
-0.714187 0.460611 0.067262 0.522734
0.358122 0.216081 0.365392 0.831593
-0.254092 0.112952 0.024366 0.960254
0.023915 -0.023816 -0.955435 -0.293267
0.104581 -0.041067 0.993586 -0.012782
-0.238296 -0.798243 -0.535922 -0.137153
-0.869207 -0.054483 0.368872 0.324722
-0.203997 0.289970 -0.881725 0.311233
0.545991 0.092152 -0.250146 -0.794248
0.482908 -0.210877 0.012359 -0.849811
0.314334 -0.116961 -0.918283 0.210408
-0.286710 0.753394 -0.359009 0.470435
-0.379262 0.519435 -0.758161 0.107429
0.556140 0.503282 -0.604580 0.268143
0.462117 0.211732 -0.809740 0.293157
-0.830203 -0.046551 0.487619 -0.266127
-0.643323 -0.760833 -0.084003 -0.014556
0.090987 -0.093830 0.846663 0.515830
-0.182818 -0.463581 0.032799 0.866369
-0.844896 0.419482 -0.163559 0.288851
0.973612 -0.153045 -0.168609 -0.015102
0.649233 -0.619138 0.367908 -0.244561
-0.115737 -0.952159 0.069073 -0.274278
-0.485567 0.598181 0.619555 -0.150190
-0.482737 -0.588459 -0.077946 -0.643899
-0.157490 0.352537 -0.910979 -0.145028
-0.052478 0.455758 -0.059531 -0.886560
0.538110 -0.431601 0.482233 -0.540009
0.740292 -0.116211 0.315935 -0.581935
-0.245337 -0.529259 0.551226 -0.596528
-0.257477 -0.414162 0.029697 -0.872522
0.579561 0.458870 -0.069050 -0.669911
0.899272 0.066989 0.128705 -0.412623
-0.235502 -0.107573 -0.567496 0.781612
0.693728 -0.445695 -0.259118 -0.502947
-0.794410 -0.500706 -0.339796 -0.052400
0.459720 -0.683252 -0.423706 0.377224
0.396406 0.734744 -0.201589 -0.512227
-0.451192 0.431322 -0.637857 0.451139
-0.012614 0.537346 -0.836523 0.106443
-0.228031 0.134515 -0.318404 0.910235
-0.592809 0.100225 0.601458 -0.526101
-0.469209 0.299236 -0.485462 -0.674261
-0.768922 0.106822 0.213435 0.593122
0.804901 -0.244829 0.030738 0.539675
0.417629 0.728693 0.542759 -0.003171
0.097513 -0.368477 0.643942 0.663367
0.471727 0.496500 0.700816 0.199548
-0.705843 0.240608 0.649001 -0.150640
-0.552246 0.196469 -0.783040 0.208026
-0.113144 0.285252 -0.566508 -0.764787
-0.649561 0.350515 0.444960 0.507170
-0.419799 0.268626 0.812011 -0.303721
0.669288 0.005948 0.053887 0.741024
0.753500 -0.558824 0.127246 0.322122
-0.616693 -0.163763 0.053087 -0.768150
-0.598467 0.441996 0.524920 -0.413445
-0.490947 0.782460 0.022387 -0.382397
0.225468 -0.942183 -0.108902 -0.222703
0.655224 -0.017774 -0.709624 -0.258458
-0.079175 0.700577 -0.188568 0.683642
-0.047401 -0.593627 0.320346 0.736709
-0.624947 0.495628 -0.325224 0.507961
-0.726711 -0.405708 -0.485130 0.268221
0.333377 0.715695 0.491557 -0.367442
-0.189982 -0.808919 -0.100994 -0.547137
0.591558 -0.344310 -0.722879 -0.094637
0.626721 -0.768890 0.119877 0.040734
0.367250 -0.548120 -0.479892 -0.578270
0.284904 0.659321 -0.531605 -0.448912
-0.716127 -0.442900 0.116352 -0.526750
-0.262381 0.799974 -0.197168 -0.502318
-0.208760 -0.581140 0.785422 -0.042536
-0.572101 -0.371776 0.729645 -0.045863
-0.197599 0.792207 0.412107 0.404391
0.003015 -0.434427 -0.872231 -0.224672
-0.412568 0.808835 -0.396930 -0.134244
0.356770 0.280384 -0.359242 0.815503
0.090977 0.903934 0.219288 0.355731
0.439074 0.543018 -0.438097 0.566053
-0.235874 -0.174496 0.560787 -0.774231
0.559395 0.217544 -0.571228 0.559871
-0.375657 0.061911 -0.781104 0.494900
0.474135 -0.500409 0.526051 0.498054
0.075337 0.110770 -0.525305 0.840305
0.808838 -0.289070 0.511610 -0.021806
-0.815122 0.546895 0.018166 -0.190141
0.174572 -0.413252 -0.297653 -0.842705
-0.221891 0.278356 0.345500 0.868282
0.702541 0.558174 0.164416 0.409694
-0.018887 -0.748132 -0.041577 0.661977
-0.000814 0.077723 0.042958 -0.996049
0.260550 -0.458791 -0.845680 0.080312
-0.870313 -0.343906 0.159511 0.314391
0.370509 -0.050920 -0.191593 0.907427
-0.204745 -0.591653 0.571087 0.530929
-0.844769 0.303342 -0.099242 -0.429536
-0.747800 -0.287224 -0.212468 -0.559604
0.117713 -0.739775 -0.301440 -0.589924
-0.129350 -0.545887 -0.619166 0.549463
0.273051 0.780252 -0.243640 0.507239
-0.146638 -0.781492 -0.346438 0.497744
-0.870547 0.376416 -0.298681 -0.106058
-0.778007 0.178993 -0.162358 0.579921
0.189347 0.475960 0.744017 0.429010
-0.828706 0.400921 0.342740 -0.187188
-0.483063 -0.322437 0.593587 0.557082
-0.852064 -0.031811 0.004248 -0.522453
0.890062 -0.352638 -0.138997 0.253212
-0.295849 -0.153189 0.229812 0.914437
0.028937 0.032888 0.715775 -0.696957
0.175712 -0.634029 0.748705 -0.081082
0.714499 0.280812 0.639814 0.035720
-0.103899 -0.836525 0.336532 0.419735
0.828582 0.003977 0.493473 -0.264429
0.326715 0.452671 -0.828849 0.036823
0.095093 0.173155 -0.978584 0.057867
-0.708081 0.362261 -0.448908 -0.407272
0.644456 0.118440 0.107698 -0.747697
-0.218456 0.786560 0.532608 -0.223453
0.317743 0.923456 -0.120080 0.178466
-0.001735 0.401534 -0.336291 0.851867
-0.554619 0.746075 -0.108243 0.352214
-0.320445 0.043663 -0.887947 -0.327046
0.247494 -0.077821 -0.222165 -0.939859
-0.271184 0.076920 -0.958765 0.036242
0.637982 -0.191924 -0.296279 0.684372
-0.606187 -0.064329 -0.787189 -0.093454
0.521229 -0.267854 -0.326154 -0.741754
0.165663 -0.627968 -0.455566 0.608829
-0.462035 -0.291507 -0.239488 -0.802617
0.649130 -0.067573 0.757413 -0.019787
-0.015094 0.926062 -0.120776 0.357205
-0.156784 0.531437 0.361487 -0.749881
-0.536462 -0.503188 -0.409166 -0.539995
0.447163 -0.740256 -0.182055 -0.467891
0.295488 0.207315 0.794794 -0.487863
0.311723 -0.426406 0.360384 0.768851
0.156193 0.763009 -0.627225 -0.003318
0.259980 0.548700 -0.145219 0.781186
-0.261048 0.525422 0.648253 -0.485340
0.606113 0.686778 -0.219502 0.335832
-0.693404 0.173359 -0.510165 0.478405
0.714459 -0.023487 0.627518 0.308578
0.195972 -0.453728 0.564037 -0.661505
0.329411 0.848291 -0.366950 -0.192975
0.441171 0.440927 0.532881 0.571830
0.383452 -0.060372 -0.525373 0.757168
0.210134 -0.320890 -0.782096 -0.491120
-0.328538 -0.728732 0.155216 0.580449
0.863758 0.090992 -0.487784 -0.087810
0.466202 0.698652 0.412556 0.352619
-0.098676 -0.964950 0.236777 0.055427
-0.718115 -0.589762 -0.154778 -0.335463
0.627160 0.575138 -0.388225 -0.353791
-0.949870 0.112640 0.142892 -0.254247
-0.582123 -0.095176 0.762831 -0.264885
0.693734 -0.663241 -0.197156 0.199935
-0.371745 -0.010211 -0.035720 -0.927592
0.319011 0.902317 0.269760 0.106265
-0.909538 0.129395 0.394227 0.024138
0.586413 -0.335179 0.706175 0.212351
0.027517 -0.337069 0.928581 0.152861
0.001882 -0.360443 0.908582 -0.211087
-0.714714 -0.645696 0.200492 0.179063
0.861703 0.410588 -0.218718 -0.202607
-0.165353 -0.338730 0.818075 0.434367
-0.619348 -0.378452 -0.687853 -0.006399
0.403621 -0.793931 0.451621 -0.052955
-0.425497 -0.845438 0.302893 -0.111550
-0.222664 0.550414 -0.323476 -0.736769
-0.012198 0.741309 0.455532 -0.492751
0.411272 -0.711160 -0.568095 0.048736
0.160916 -0.360990 -0.806297 0.440089
0.810192 0.404800 0.073622 -0.417501
0.151026 0.513141 0.842225 0.067338
-0.179713 -0.728869 -0.614141 0.243485
-0.816756 -0.121983 -0.350827 0.441533
0.445395 -0.178871 0.689225 0.542768
0.275505 0.591695 -0.016044 -0.757455
-0.194358 0.446539 -0.024077 0.873069
0.088364 0.931703 -0.128473 -0.328049
-0.039278 0.721899 0.072623 -0.687056
-0.456274 -0.369453 0.294323 -0.754117
-0.706359 0.515613 0.472647 0.108658
-0.428289 -0.853088 0.194316 0.225946
-0.324128 -0.563761 -0.759430 -0.019537
-0.198186 -0.137497 0.241300 -0.939996
-0.633829 0.219571 0.078558 -0.737482
0.117093 0.537637 0.738026 -0.390582
-0.490674 -0.269536 -0.729720 -0.392554
-0.882820 -0.467921 0.023346 -0.033686
0.310189 -0.461048 0.247209 -0.793792
0.110018 0.587498 -0.757125 -0.263637
0.897263 0.045895 0.425715 0.107614
-0.524194 -0.349530 -0.014164 0.776435
0.137820 0.918596 0.302789 -0.213327
0.833299 0.024122 0.290802 0.469537
