-0.247151 -0.039278 -0.212759 -0.898971 0.200385 0.209299
0.168786 0.379278 0.458045 -0.080297 -0.764029 0.166333
-0.245429 -0.564506 0.217783 -0.047195 -0.439019 -0.615389
-0.374504 -0.344832 -0.392888 0.078569 -0.480639 0.591007
0.277619 0.671643 0.510384 -0.069618 0.179527 -0.417439
-0.456243 -0.678115 -0.163831 -0.074574 0.226512 0.498290
0.367855 0.284482 -0.173223 0.087051 -0.818057 -0.277403
0.001983 0.719584 0.161026 0.317239 -0.595425 0.033093
0.105641 0.164029 0.006730 -0.382325 -0.745207 0.510278
-0.467484 -0.170713 -0.639430 -0.231716 -0.436943 -0.314378
-0.231012 0.677145 0.202547 0.288442 0.574062 0.185303
-0.229876 -0.240233 0.067399 -0.180576 0.722069 0.575248
-0.148624 -0.520460 0.306025 -0.599752 -0.211602 -0.457058
0.405554 0.087511 -0.766576 -0.325950 -0.156579 0.330862
0.029645 0.344867 0.020246 0.755441 0.471391 -0.294752
-0.762593 -0.258247 -0.294591 0.202904 -0.016401 0.472799
-0.274803 -0.094716 -0.408074 -0.436853 0.475452 -0.576274
-0.141808 0.169570 -0.625818 -0.626186 -0.042524 0.406905
-0.198383 0.541714 0.444076 0.234553 0.123260 0.632280
0.054317 -0.657616 0.440951 0.285143 0.496405 -0.205983
0.185578 -0.476993 0.511915 -0.350927 -0.561428 -0.193986
-0.473408 -0.364391 0.040230 0.242833 -0.741043 0.182684
0.514033 -0.247200 0.235784 0.185714 0.741530 -0.186311
-0.279128 -0.374785 0.331307 -0.485930 0.093794 0.653402
0.350980 0.292633 -0.401160 0.466114 -0.627605 0.138201
0.198629 0.514467 0.301190 -0.331102 0.241035 0.661384
0.004348 -0.367896 -0.102120 -0.709018 0.590434 -0.053725
0.055800 0.908090 0.351832 0.112247 0.076665 0.173197
-0.584503 -0.163814 -0.677984 -0.362211 -0.049270 0.195539
0.147408 -0.000678 -0.373205 0.456146 0.784101 -0.126905
0.289219 -0.500629 -0.697495 0.267114 -0.264643 0.194522
0.578859 0.118520 -0.583740 0.430317 0.352537 -0.025845
-0.552643 0.345000 -0.391788 -0.388328 -0.497120 -0.155357
-0.586919 -0.352010 0.087444 -0.310861 -0.634896 -0.155697
0.322878 0.261022 0.105761 -0.463404 -0.098226 -0.769442
-0.346739 0.152748 -0.078488 0.479579 0.787538 0.008195
0.679332 0.433309 -0.543132 -0.146983 0.181272 -0.035987
-0.266848 0.121379 0.506482 -0.317461 0.539379 -0.515582
0.345222 -0.249294 -0.204461 0.290433 0.483464 0.677335
0.133609 0.492200 0.788214 -0.283625 -0.162275 0.108767
0.117890 -0.528066 -0.089481 -0.816753 -0.173883 -0.043823
0.188177 -0.148910 0.157163 -0.139624 -0.947177 -0.032808
-0.178324 0.363803 0.267084 0.349882 -0.542565 0.589678
-0.051554 0.090060 0.827668 -0.435854 0.336643 -0.029997
-0.517812 -0.440751 0.111066 -0.701791 -0.173490 0.051622
0.064610 -0.297769 -0.928432 -0.203233 0.042561 0.045364
0.534805 -0.274606 0.571407 0.232825 0.044560 -0.505842
0.601559 -0.317248 -0.670297 -0.078476 0.233130 0.166357
0.345940 0.160367 -0.072882 -0.251458 0.648198 0.604901
-0.373766 -0.716832 0.517206 0.204064 -0.044483 -0.187957
0.039155 0.075113 -0.882208 0.281900 -0.219361 0.294868
-0.154121 0.159304 0.359300 0.831382 -0.128533 -0.337722
0.446747 0.450659 0.163348 -0.517424 -0.310544 0.454397
-0.524789 0.288118 -0.204101 0.130896 -0.056646 0.761305
-0.306433 -0.419129 -0.533393 -0.402965 0.449440 0.285559
0.399935 -0.385687 0.597511 -0.241027 -0.054870 0.522661
0.434131 -0.528248 -0.241988 0.408101 0.547327 0.088394
0.234566 0.008108 0.967990 0.063773 0.027823 0.055376
-0.490159 -0.204079 0.104569 0.457362 -0.347107 0.614409
-0.285979 -0.070499 0.550558 -0.008096 -0.272209 -0.732099
0.058124 -0.576652 -0.319209 0.088245 -0.739789 0.084404
-0.413383 0.014661 -0.816830 0.126238 0.317016 0.212728
-0.561582 0.085518 -0.403486 -0.274119 0.407213 0.523018
-0.051162 0.041356 -0.238341 0.448276 -0.227902 0.828236
0.231392 0.009241 -0.285777 0.081139 0.160853 -0.912276
0.438796 0.419184 -0.438053 -0.238846 -0.029506 -0.618009
0.416428 0.311902 -0.095517 0.287151 -0.456070 0.655535
0.478528 0.185217 0.720223 -0.206604 -0.041563 -0.416619
0.380542 -0.120111 0.323528 -0.740640 -0.277589 -0.332397
0.431742 0.882164 -0.108113 -0.091520 -0.117010 0.040377
0.906567 -0.075883 0.219030 -0.026500 -0.211509 0.281009
-0.618036 -0.381070 -0.215849 0.231156 -0.440072 -0.423237
-0.170970 0.182492 -0.351712 -0.436642 -0.051672 -0.787680
0.441906 -0.375388 -0.115612 -0.464619 -0.643757 -0.141927
-0.277994 -0.127869 0.848509 0.341429 -0.158110 -0.211727
0.323571 0.216569 -0.724312 0.494655 -0.163701 -0.228672
0.608213 0.266796 0.580779 0.231622 0.364661 -0.186994
-0.101301 0.807005 -0.378845 -0.311174 -0.302705 -0.080607
-0.264890 -0.323857 -0.034648 -0.041907 -0.047977 0.905368
-0.726713 -0.024704 0.558895 0.118494 0.147851 -0.350735
-0.231415 -0.780944 0.049990 0.087861 0.231822 -0.522124
-0.176871 0.261767 -0.492183 -0.773885 -0.131024 -0.204663
-0.420740 -0.085094 0.146422 0.434375 0.277375 0.727103
-0.064233 -0.832810 0.429227 -0.002993 -0.017765 0.343135
-0.856795 0.272520 -0.380233 -0.032211 0.072135 0.202034
0.019211 0.574400 0.712443 0.260391 -0.272369 -0.141890
0.339772 -0.607315 0.350998 0.238661 0.452001 0.362298
0.143267 0.091643 0.441261 -0.058962 0.265000 -0.838250
0.204764 0.492374 0.023120 0.247580 0.336626 -0.735182
0.141714 0.135490 0.018219 -0.100444 -0.614654 -0.757192
-0.037540 -0.411110 0.416732 -0.044366 -0.410759 0.696579
0.116260 0.228447 -0.359892 -0.720113 0.474207 -0.247666
-0.266061 -0.521617 -0.416654 0.461747 0.129084 -0.503641
0.651136 -0.381383 -0.403747 0.501135 -0.018790 -0.126758
-0.277734 0.557218 -0.189721 0.559250 0.035943 -0.512178
0.592110 -0.297238 -0.188310 0.409711 -0.444218 0.400502
-0.024217 0.847817 0.273575 -0.258257 -0.354627 -0.115412
-0.097355 0.746341 -0.213535 0.280340 -0.299096 0.468882
-0.604973 0.469995 0.158780 0.510072 0.300128 -0.194038
0.214280 0.109447 0.212639 0.933951 0.063847 0.143355
0.433318 -0.185291 0.178038 0.768318 -0.008226 -0.394748
-0.137047 -0.516174 -0.198413 0.333001 0.706318 -0.256202
-0.657757 -0.061999 0.305992 0.666109 -0.088909 -0.135186
0.204804 -0.202372 -0.707725 0.366899 0.383547 0.366747
-0.023781 0.362797 -0.562134 -0.268791 -0.445565 -0.530134
-0.459774 0.755096 -0.075025 0.007227 0.170820 0.428460
-0.016042 -0.309939 0.413035 -0.832200 0.201267 -0.004108
-0.136669 0.423188 0.003032 0.639729 0.096537 0.619397
0.734612 0.340011 0.288668 -0.497508 -0.094243 -0.070806
0.745089 -0.378788 -0.233612 -0.158573 0.401697 -0.245525
0.680751 0.543231 0.456603 0.032793 0.020045 0.177526
0.340813 -0.366460 0.637061 -0.193956 0.491206 -0.254567
0.115092 0.804358 -0.104478 -0.060078 -0.064065 -0.566686
0.227572 -0.287172 -0.150391 0.849793 -0.347795 -0.004093
-0.430531 0.059341 -0.512681 0.599478 -0.027944 0.433733
0.225729 -0.158101 0.352821 -0.103479 0.409164 0.788318
-0.163345 -0.306849 0.027777 -0.265103 0.070377 -0.896191
-0.604008 -0.323575 -0.291467 0.133443 0.629184 0.178438
0.352163 0.204864 0.439301 -0.219073 0.676589 -0.367778
-0.012684 0.133064 -0.512139 0.519099 0.363992 -0.563820
0.193841 -0.294100 -0.524741 -0.718830 0.112173 0.266980
0.758551 -0.160968 -0.122751 0.137921 -0.588131 -0.136757
0.763111 0.492527 -0.105504 0.308008 0.231865 0.123764
-0.726609 -0.181767 0.536983 0.284172 0.062872 0.256795
0.580288 0.186338 0.227409 0.274728 -0.681690 0.191449
-0.084926 -0.842784 -0.216734 0.073443 -0.253156 0.407489
-0.578921 0.280734 -0.255538 0.332270 0.484124 0.419476
-0.798170 0.044747 -0.194055 0.456388 -0.338839 -0.012786
0.241770 0.151021 -0.217655 -0.709629 -0.470952 -0.382095
0.807283 -0.177270 0.373802 -0.286726 0.168062 -0.258234
-0.662742 -0.032662 0.442668 0.171914 -0.484521 -0.315336
-0.213801 -0.222879 -0.214912 -0.190838 0.903427 -0.076338
-0.703645 0.367536 0.350212 0.144543 0.337247 0.335446
0.287033 -0.325992 0.106215 -0.701059 0.299291 0.467975
-0.263049 0.014523 -0.850464 0.282211 -0.067287 -0.350907
0.190157 -0.801093 0.362638 0.029216 -0.138540 -0.412962
0.635192 0.214001 -0.119807 -0.582753 0.239004 -0.373707
-0.299337 0.605385 0.518526 -0.324607 0.157439 0.380632
-0.453549 -0.415954 0.636470 -0.171279 -0.404167 -0.153282
-0.221812 0.569641 -0.700006 0.039808 -0.083970 0.357302
0.447893 -0.258266 -0.268799 -0.359968 0.145198 -0.713988
0.821784 -0.500361 -0.171663 -0.095246 -0.178285 0.063123
0.187656 0.287985 -0.897514 0.046847 0.267318 0.051626
0.054665 -0.505576 0.165335 0.423483 0.006975 0.731220
0.505343 0.272660 0.196491 0.147057 -0.164063 -0.763632
-0.122146 0.657741 0.248675 0.691566 -0.073661 0.083239
0.051154 0.080766 0.353898 0.269536 -0.067619 0.887916
0.166771 0.092121 -0.187609 -0.006983 0.160328 0.950132
-0.140774 0.005478 0.695489 -0.616494 -0.325272 -0.102865
-0.129132 -0.743749 0.017293 -0.548657 0.260465 0.246975
0.056950 0.525655 0.770116 0.091310 0.337103 0.073412
0.442399 0.580596 -0.045168 -0.299578 -0.477694 -0.383683
0.416011 -0.722953 -0.276883 -0.403052 0.199682 0.159014
-0.310852 -0.156410 -0.507494 0.333020 -0.708208 -0.094319
0.402435 -0.247130 0.286794 -0.302252 0.740168 0.235622
0.681281 0.012695 -0.632893 0.162338 -0.296413 0.144665
0.521198 0.019742 -0.435736 -0.523627 0.491319 0.150061
0.131603 -0.301663 -0.164088 -0.462845 -0.402895 -0.698717
-0.466498 -0.675923 0.170900 0.411611 0.003254 0.356184
0.127899 -0.680490 -0.258207 0.025150 -0.156704 -0.654764
0.231329 -0.276904 0.694664 0.390974 -0.067368 0.479431
0.652815 0.052511 0.143309 -0.041151 0.365976 -0.644132
-0.267043 -0.008089 -0.667480 -0.051432 -0.050414 0.691308
-0.100178 -0.195068 0.332302 0.180184 0.847611 -0.300962
-0.084381 0.295920 -0.681066 0.563823 0.351275 0.013045
-0.870424 0.410906 0.184198 0.035427 -0.166674 -0.102733
0.232816 0.473414 -0.225740 0.384466 0.666404 0.280730
0.226680 0.415704 -0.483820 -0.139271 0.722298 -0.024764
0.609755 -0.282467 -0.398535 -0.591662 -0.074838 -0.184165
-0.329981 -0.298280 -0.523491 0.594316 0.413625 0.061654
-0.199224 0.255185 -0.891987 -0.265873 -0.155682 -0.068010
0.470744 0.524925 -0.307966 -0.605868 -0.200658 0.025920
0.656779 0.048531 0.315683 -0.458927 0.170784 0.476287
-0.471242 -0.238667 0.637846 -0.500022 0.143526 -0.208566
-0.250527 0.461990 0.046171 -0.533419 -0.411086 -0.517825
0.268012 -0.599030 0.037194 -0.411636 -0.194233 0.600648
-0.051327 0.820370 -0.064320 -0.356505 -0.127865 0.420447
0.843538 0.052179 -0.245363 -0.425355 -0.005298 0.211098
-0.308403 -0.354840 0.797090 0.067327 0.369756 -0.048702
0.305104 0.736002 0.349968 -0.473795 0.120901 0.060305
-0.039965 0.368383 -0.015181 -0.387123 -0.832787 -0.138089
-0.880811 -0.125777 0.328733 -0.271525 -0.107954 0.122093
-0.242173 -0.411960 0.529644 0.110250 0.290925 0.627954
0.139807 0.611970 0.166849 0.450308 -0.289721 -0.539808
0.283334 0.829592 0.048216 0.358396 0.257539 -0.185477
0.046658 -0.346908 0.791720 -0.237553 -0.036569 -0.439192
-0.178384 0.133072 0.212535 -0.778782 0.501575 -0.217305
-0.064879 -0.704880 0.346619 0.039754 -0.611769 0.054293
-0.428640 -0.139276 -0.169543 -0.649964 -0.362221 -0.463108
0.212068 -0.408648 -0.578811 -0.487760 0.379552 -0.266538
0.469277 -0.426108 0.031249 0.690316 0.114183 0.328118
-0.733967 0.117463 -0.160518 -0.647176 -0.031827 0.043348
-0.099278 -0.204641 -0.387972 0.158931 -0.499349 -0.723281
0.130021 0.840632 -0.421590 0.072186 0.260751 0.159663
0.220314 -0.267958 0.134380 0.467720 -0.801553 -0.018803
0.404659 0.623733 0.274401 -0.001755 0.587567 0.163322
-0.338385 0.579120 0.004634 -0.134384 -0.664635 0.300493
-0.283496 -0.093524 0.456253 -0.112929 -0.816134 0.154558
-0.136618 0.623883 -0.269480 0.278734 0.612994 -0.256966
0.004646 0.329012 -0.144773 0.773704 -0.388768 0.347867
0.097354 -0.271312 0.527262 0.739211 -0.304094 0.001300
0.204228 -0.394461 -0.191000 0.067189 -0.431661 0.758529
0.267304 -0.867354 -0.012433 -0.260173 -0.328482 0.022380
-0.125217 -0.704207 0.436924 -0.369604 0.318844 -0.243397
-0.309566 0.233814 0.346250 0.702765 0.421770 0.240506
0.295216 0.289012 0.469950 -0.650146 0.225936 -0.367056
0.636625 -0.386731 0.301478 0.492101 -0.330376 -0.054297
-0.481250 0.570013 -0.468974 -0.447901 0.110170 0.103895
0.330584 0.597525 -0.509345 0.267869 0.262898 -0.365208
-0.492522 0.016962 -0.039325 -0.143419 -0.467531 -0.718633
-0.610779 0.179743 -0.616843 -0.224187 0.108837 -0.389925
-0.365536 -0.685731 -0.212702 -0.285719 0.486426 -0.180748
-0.092260 0.231321 -0.023336 0.314077 -0.907302 0.124872
0.597562 0.197332 -0.214242 0.507400 0.131231 -0.532357
0.391709 -0.233064 0.715835 -0.528759 -0.013044 -0.008314
-0.155761 -0.347990 0.864146 -0.188019 -0.112547 0.244696
0.508310 -0.119741 -0.757614 0.021891 0.042421 -0.388620
0.013526 0.254809 0.396772 0.213916 -0.752913 -0.405984
-0.262775 0.376385 -0.140099 -0.355232 0.753177 -0.276028
0.223241 -0.575176 0.767606 0.160693 -0.054664 -0.036151
0.323358 0.515770 -0.434581 -0.235525 -0.197741 0.588207
0.214618 -0.115426 0.516489 -0.497213 -0.551464 0.350029
0.148362 -0.085375 0.375993 0.578739 0.419914 0.563971
-0.684239 0.365785 0.066469 0.510248 -0.083913 0.355255
0.806783 0.429005 -0.158369 -0.007433 -0.328626 0.178677
0.591452 0.123482 -0.512740 -0.309400 -0.502948 -0.152806
0.441135 -0.517323 -0.550009 -0.130271 -0.364008 -0.292907
0.511578 0.421328 0.318115 0.617614 0.054333 -0.274179
0.585526 0.132392 0.677508 -0.196481 -0.332673 0.177031
0.343456 -0.063186 -0.410397 -0.039765 -0.804193 0.247614
0.332614 -0.500240 0.194855 -0.017036 0.380489 -0.675350
0.498155 0.061562 0.431754 -0.132257 -0.633194 -0.378436
-0.693191 -0.455141 0.240897 -0.205307 -0.031407 -0.459526
-0.615741 -0.181836 -0.150876 -0.459029 -0.101842 0.586477
-0.092218 -0.494340 -0.014539 -0.379296 -0.678328 0.378045
0.011006 -0.189575 -0.434863 0.514448 -0.598838 0.389320
0.099692 0.788847 -0.337979 0.389865 -0.289231 -0.133806
0.234549 -0.273651 0.340179 -0.582885 0.325272 -0.555720
0.176761 0.292478 -0.225978 0.834144 -0.193178 -0.314694
0.867583 -0.146549 0.113232 0.361837 0.257477 -0.125623
0.129401 -0.337638 -0.789529 0.355820 0.270022 -0.215363
0.506093 0.146337 -0.466780 -0.108460 0.523084 -0.468180
-0.372829 -0.866091 0.075289 -0.271919 -0.154629 -0.085825
-0.663138 -0.192806 -0.048564 0.633525 0.275275 0.208772
-0.929085 0.000458 0.025253 0.174549 0.321146 -0.050606
0.331434 -0.239149 -0.458068 0.433800 -0.615452 -0.237003
-0.278719 -0.372151 0.532209 0.003491 0.298912 -0.641259
0.150266 -0.010190 -0.823198 0.038334 -0.498549 -0.222802
-0.498455 -0.009039 0.613136 -0.279144 0.420929 0.347020
-0.347736 -0.366999 -0.488644 -0.682727 0.064119 -0.188125
-0.165618 0.886112 -0.023303 -0.268912 0.322694 -0.101919
0.023286 0.021840 0.835252 -0.079815 -0.504994 -0.199864
-0.561971 0.412417 0.031134 -0.488609 0.425340 0.305743
-0.588141 -0.606153 0.420426 -0.200077 0.180181 0.193429
-0.355150 0.248608 0.370209 0.308137 0.236081 -0.724103
-0.346606 -0.497036 -0.725312 0.187529 -0.029516 0.265904
0.835575 -0.092022 -0.258228 0.260423 0.137622 0.374039
0.140353 0.623100 -0.034566 -0.677916 0.010499 -0.362179
0.296872 0.000761 0.304957 0.507640 0.485586 -0.570417
0.706101 0.578627 0.070465 -0.080856 0.115474 -0.376531
0.574015 -0.265660 0.152567 0.156210 -0.026884 0.742651
-0.823942 -0.041990 -0.187706 -0.126702 -0.467227 0.223090
0.862096 0.164126 0.285514 0.185079 -0.210871 -0.263846
0.535281 -0.615997 0.093027 -0.389593 -0.092503 -0.406236
-0.122526 0.529620 0.423636 -0.391475 0.609549 -0.014862
-0.149595 -0.605239 -0.036355 0.501095 0.479966 0.358500
0.492599 -0.005818 -0.396841 0.020834 -0.399389 -0.663238
-0.071475 0.515743 0.293200 0.106646 0.691232 -0.392122
0.668285 -0.429506 0.473288 -0.095747 -0.347047 -0.123733
0.147003 0.575383 -0.577332 -0.484926 0.223447 0.170087
0.063619 -0.718134 -0.362286 0.587484 0.050179 0.036469
-0.111433 0.169177 0.772511 0.062699 -0.411243 0.434899
0.020393 -0.299246 0.148826 0.750745 0.563767 -0.080219
0.124199 -0.662315 0.009858 -0.103380 0.326060 0.654839
0.052890 -0.724047 -0.129373 -0.491642 0.150450 -0.438035
0.427601 -0.287878 0.534946 0.593667 0.308152 -0.026811
-0.430220 -0.195763 0.502606 -0.453882 -0.402377 0.395043
0.011544 -0.465722 -0.038717 0.611294 -0.421065 -0.480099
0.907558 0.051307 -0.308941 0.030410 0.006811 -0.278013
-0.751467 -0.253870 -0.517570 0.269926 0.046574 -0.167151
-0.403014 0.048168 -0.555038 0.146180 0.651381 -0.285529
-0.224186 0.132205 0.553847 0.468951 -0.636304 0.026805
-0.214806 -0.241882 0.050408 0.163322 -0.853465 -0.371127
-0.661236 0.154390 0.380437 -0.421419 -0.251146 -0.391829
-0.662679 -0.306387 -0.198074 0.040628 0.405430 -0.511593
-0.227102 0.089212 -0.727419 -0.466530 0.438251 -0.040168
0.476089 -0.693176 0.299102 0.169977 -0.225193 0.351824
0.413584 -0.496708 -0.486022 -0.305892 -0.387016 0.320407
-0.374962 -0.417310 -0.731186 -0.077516 0.281353 -0.255844
-0.031509 0.214186 -0.268652 0.522179 -0.665269 -0.407070
0.104141 -0.764184 0.280184 0.569647 -0.036855 0.028632
0.376540 0.262648 0.141794 -0.640849 0.593821 0.076274
0.149741 0.222454 0.396621 0.454039 0.751368 0.008839
-0.270939 -0.248816 -0.365463 0.199764 0.431520 0.710636
0.437766 0.187508 -0.058182 0.566324 0.120648 0.659195
-0.289228 0.059794 0.189997 0.492339 -0.471193 -0.642069
-0.151996 -0.045106 0.352157 -0.388897 -0.682688 -0.483265
0.212139 -0.629133 -0.008394 0.539519 0.218405 -0.469401
-0.112849 0.472785 -0.381506 -0.245199 0.273427 0.695204
0.622937 -0.693915 0.175303 0.200680 0.194264 -0.147275
0.365766 -0.737910 -0.458378 0.067967 0.189489 -0.266586
-0.126682 -0.152898 0.409984 -0.385717 0.802161 -0.015706
0.102510 0.161917 0.739709 0.623546 0.163803 -0.021577
0.068810 0.376152 -0.491370 0.281432 -0.227747 -0.693728
0.618489 0.158553 0.096685 -0.395231 -0.648590 0.078150
-0.265455 0.630425 -0.661446 0.144356 0.028057 -0.270114
0.115477 0.021271 -0.715851 -0.245899 0.410023 0.495161
0.001602 0.053709 0.000409 0.655651 0.044855 -0.751813
0.335673 -0.251307 0.399509 -0.237277 -0.243023 -0.741080
0.467274 -0.267176 -0.264684 0.358513 0.506272 -0.505344
0.419634 0.080108 0.417631 -0.003590 -0.453316 0.661488
-0.274115 -0.446636 0.050944 0.823318 0.051599 -0.205590
-0.332712 -0.050193 0.481026 0.607214 0.424634 -0.326152
0.694018 -0.232092 0.618125 0.074195 0.207997 0.183373
-0.245815 0.406434 -0.565883 0.603285 -0.299515 0.022385
0.313352 0.241833 -0.209807 -0.675947 0.128922 0.570773
-0.043829 -0.462813 -0.418266 0.503027 -0.000020 0.596574
-0.373512 -0.454979 0.349840 0.521458 -0.473559 -0.186866
-0.047395 0.106392 0.319980 -0.640169 0.505093 0.468094
-0.597165 0.091949 0.106161 -0.233840 0.201782 -0.726823
0.340167 -0.046362 -0.271942 -0.727207 -0.438379 0.295261
-0.485750 0.218004 0.079509 -0.082221 0.814611 0.199619
-0.091111 -0.260056 -0.739860 -0.197982 -0.510201 0.277803
0.517248 0.312438 -0.486878 0.045702 0.373641 0.506055
-0.488810 0.374551 0.656750 0.430371 -0.061430 -0.021541
-0.382641 0.440598 0.530468 -0.174885 -0.575616 -0.127064
-0.305558 -0.047895 0.010780 0.769256 -0.557210 0.044569
-0.741753 0.245240 0.322460 -0.374847 0.346755 -0.157895
0.606481 0.092521 0.257039 0.208807 0.567098 0.438579
0.001010 -0.245812 -0.697632 -0.270324 -0.100176 -0.608091
-0.836192 -0.456879 0.120600 0.210225 -0.179287 -0.034074
0.603006 0.500377 -0.254548 0.295441 -0.336634 -0.347281
-0.143618 0.316228 0.031970 0.064801 -0.155950 -0.921864
-0.100691 -0.186865 -0.227674 -0.500267 0.300041 0.750210
0.256530 0.277225 0.251295 0.704095 -0.539140 -0.088135
-0.306995 0.694281 -0.282102 0.520586 0.206653 0.174447
-0.463679 -0.059368 -0.153929 0.635274 0.424836 -0.416804
-0.382496 -0.049546 -0.332882 0.708247 -0.211468 -0.440567
0.706244 0.132154 -0.137861 0.641484 -0.229593 0.023131
-0.095551 0.132461 -0.270602 -0.561097 0.708376 0.288917
-0.231738 -0.589654 -0.343572 -0.529375 -0.188183 0.406096
-0.030567 -0.668808 -0.515409 0.096941 0.491658 0.187056
0.018488 -0.083224 -0.363426 -0.424150 -0.348171 0.748015
-0.319069 0.902575 0.029649 0.205475 -0.030739 -0.198771
-0.027480 -0.002137 -0.229388 0.731357 0.497673 0.405042
0.264817 -0.663070 -0.021460 -0.156052 0.660954 -0.168932
0.474022 -0.695280 -0.281886 0.195009 0.053312 0.414196
-0.605629 0.659649 -0.297174 0.135023 -0.295295 0.065834
-0.504698 -0.770177 -0.254719 0.240006 0.167099 -0.041246
-0.744845 0.176546 -0.021722 0.322505 -0.035431 -0.555249
-0.174259 0.417522 0.451874 -0.445338 -0.417935 0.467036
0.493430 -0.425426 0.137673 -0.106211 -0.654779 0.341424
-0.517549 0.283843 -0.473290 0.210952 -0.410083 -0.463578
-0.060764 -0.794718 -0.541792 -0.256922 -0.056277 -0.044920
-0.562446 0.089703 -0.717592 0.133485 -0.343489 0.157694
-0.561680 0.597233 -0.181246 -0.144933 -0.113241 -0.511028
0.468598 0.651711 0.079380 0.486519 -0.238639 0.236090
-0.468224 0.481384 0.071175 0.564093 -0.448099 -0.158042
0.529166 0.045997 -0.009034 0.679522 0.495433 0.102868
-0.138811 0.442659 -0.559399 0.099959 -0.679485 -0.012862
-0.103693 -0.197780 -0.652365 0.698580 -0.188783 -0.029953
0.404612 -0.753111 -0.127851 0.323594 -0.365703 -0.119648
-0.154943 -0.335340 0.105494 -0.303666 0.657109 -0.573068
-0.579418 0.239131 -0.008946 0.042195 -0.750615 -0.204470
-0.274671 0.305089 0.001326 -0.633793 -0.056983 0.653096
0.550104 -0.314903 0.114744 -0.673938 0.352085 -0.083061
-0.415895 0.219884 0.639097 0.136566 0.588702 -0.070833
-0.201158 0.104719 0.152400 -0.928884 -0.166429 -0.186601
-0.463857 -0.489629 -0.302586 0.587922 -0.301341 0.130700
0.328905 0.651250 -0.055804 -0.291487 0.525802 -0.321168
-0.438728 0.533995 0.388283 0.157985 -0.271355 -0.522505
-0.057053 0.425151 0.019786 -0.101824 -0.284385 0.851092
0.322183 -0.020766 -0.481980 0.732763 -0.031208 0.354326
-0.023591 -0.090182 -0.381280 -0.247308 -0.817522 -0.341223
0.161714 -0.169736 0.711175 0.157171 0.605755 0.218235
-0.385123 -0.082732 -0.417762 0.149324 0.034508 -0.804253
-0.172448 0.050518 0.401989 -0.587755 -0.043299 -0.677336
-0.133276 -0.631582 -0.213351 -0.368739 -0.578622 -0.258942
-0.211398 -0.666261 0.219094 -0.040308 0.654354 0.183307
0.313101 0.139537 -0.724826 -0.536614 0.033751 -0.260827
-0.288344 0.082074 0.467982 0.702865 -0.175888 0.407625
0.258294 -0.256899 -0.477735 0.497628 -0.111611 -0.615602
0.074568 -0.512452 -0.590393 -0.148417 0.077664 0.595994
-0.680776 0.575593 -0.126481 -0.036114 0.397116 -0.173883
0.081523 0.464523 0.506903 -0.223112 -0.339964 -0.596043
-0.460187 -0.548690 -0.336385 -0.247425 -0.090052 -0.551982
-0.772860 -0.167779 0.114454 -0.072442 0.322173 0.502389
-0.040590 -0.165381 0.125446 -0.823733 -0.257083 0.458953
0.395356 -0.063248 -0.575867 0.167810 -0.116797 0.682839
-0.392410 0.006878 0.069475 -0.194388 -0.568793 0.692696
-0.488168 0.028116 0.475093 -0.007198 -0.128847 0.720093
0.548845 -0.227809 -0.289865 -0.318681 0.150190 0.662371
0.604061 -0.044980 -0.289344 0.057365 0.722922 0.153167
0.081922 -0.143931 -0.174786 -0.820538 0.098573 -0.508943
-0.130780 -0.568241 -0.663668 0.194160 -0.326177 -0.274690
0.259870 -0.088009 0.238396 0.647479 -0.414138 0.526451
0.437005 -0.000711 0.099762 0.486638 -0.511782 -0.548030
-0.699888 0.011424 -0.303151 -0.365928 0.524304 -0.096584
-0.001393 0.086221 0.718470 -0.357041 0.040886 0.589250
0.090760 0.232662 -0.036773 -0.397995 0.467674 -0.747770
-0.032486 0.346321 -0.550321 0.359572 0.258653 0.616409
-0.574345 -0.516248 0.217839 0.378368 0.426014 -0.177514
0.554681 0.607835 -0.119968 -0.356206 0.319237 0.282274
0.303058 0.618358 -0.171971 -0.100679 -0.654324 0.240706
-0.052102 0.263217 0.038912 0.259453 0.612787 0.695460
0.262360 0.666649 0.364534 -0.017898 -0.324708 0.498102
-0.737475 0.362086 0.154245 -0.236703 -0.143357 0.473976
0.223505 0.389179 0.602977 0.486272 -0.264059 0.358911
-0.154094 -0.262340 0.000301 0.867680 -0.014828 0.392867
-0.559288 -0.586462 -0.398538 -0.124372 -0.404982 0.070343
0.299984 0.515678 0.368243 0.545336 0.329596 0.320092
-0.047520 0.632482 -0.069169 -0.223121 0.635871 0.372570
0.840809 0.184435 0.094874 -0.180201 0.465679 0.026339
0.029572 -0.112190 0.120450 0.198218 -0.789822 0.555808
0.496268 0.625683 0.380306 0.085847 -0.414728 -0.195545
0.137366 -0.353620 0.555838 0.291207 -0.527293 -0.429289
-0.801212 -0.462290 -0.214079 -0.285830 0.125309 0.033434
-0.555020 0.144446 0.101398 0.118229 0.681361 -0.427289
0.758262 -0.018012 0.009007 -0.346674 -0.308309 -0.457599
0.532327 0.368994 -0.027114 0.272827 0.654775 -0.276714
-0.452079 0.379628 -0.409913 -0.330665 -0.374190 0.483860
0.003773 0.173164 -0.764518 -0.059498 0.321837 -0.527631
-0.214742 -0.397130 0.570781 0.621470 0.225173 0.182906
0.409614 -0.740881 0.371837 -0.330523 0.179206 0.060746
-0.467525 0.381191 -0.114356 -0.646501 0.215484 -0.398297
-0.466958 0.125292 0.415674 -0.726896 0.044980 0.251128
-0.354265 -0.118980 -0.344515 -0.681625 -0.489848 0.192574
-0.436804 0.687829 0.400824 0.132013 -0.287685 0.274308
0.136277 0.175537 0.626570 0.386620 -0.153490 -0.620477
-0.521643 -0.270641 0.087072 -0.598727 0.478967 0.243264
-0.241267 0.524355 0.510403 -0.607929 0.010115 -0.191445
0.062408 -0.968516 -0.026183 0.085228 0.221504 0.032689
0.263747 -0.269099 0.641305 0.179978 -0.607159 0.213817
0.622405 -0.324304 0.183884 -0.607231 -0.235155 0.222706
-0.233691 0.279542 0.824908 -0.115982 0.037519 -0.414623
0.239259 -0.422440 -0.288568 -0.265414 0.692975 0.361068
0.034025 -0.436496 -0.439456 -0.011236 0.459361 -0.635652
0.404748 0.521106 -0.552731 0.343313 -0.113644 0.358242
0.039261 -0.443162 0.615124 -0.376593 0.422436 0.321580
-0.507406 -0.364101 0.158371 0.391201 -0.033713 -0.656289
-0.886087 -0.023515 -0.185608 -0.208921 -0.144819 -0.339450
0.350982 0.097275 -0.060671 -0.928560 0.027456 0.026288
0.060970 -0.285832 -0.621921 -0.598837 -0.383401 -0.148983
-0.059164 0.627265 -0.502115 -0.335465 0.255800 -0.415872
0.196967 -0.015703 0.212373 -0.412404 -0.161494 0.848350
-0.216487 0.612048 0.253488 -0.264512 0.215407 -0.630800
-0.235602 0.108245 0.809669 0.263246 0.203303 0.408142
-0.348629 0.504653 -0.560030 -0.034970 0.540309 0.130358
-0.166761 0.621651 -0.094944 0.049139 -0.607355 -0.453247
0.063491 0.314409 -0.561373 -0.459698 -0.588201 0.157078
-0.655612 0.303048 -0.480865 0.424772 0.204902 -0.157126
0.007364 0.256385 -0.510188 0.060577 -0.569934 0.587730
-0.696158 0.112101 0.359310 0.177549 -0.509303 0.287718
-0.326271 -0.384752 0.627668 0.314630 -0.377012 0.332289
-0.035244 0.253324 0.503565 -0.035804 0.686167 0.457056
0.342985 -0.474151 0.036051 0.032985 -0.653640 -0.477399
-0.332346 0.196449 -0.164238 0.903536 0.087010 0.005597
-0.545940 0.680200 0.097513 -0.448696 -0.168601 0.003743
0.120726 -0.291444 0.146993 0.256611 -0.162272 -0.886960
-0.554293 -0.581256 0.168780 -0.115944 -0.351858 0.434934
0.668050 0.342553 0.050551 -0.019840 0.051542 0.656324
0.267996 0.518440 -0.279881 0.734878 0.179938 0.092963
-0.539212 0.202233 0.784532 -0.160533 -0.122031 0.110452
0.355112 -0.113020 -0.080922 -0.377241 0.773894 -0.336677
0.462342 0.205718 0.655004 -0.325225 0.428426 0.159907
0.232780 0.394757 0.402485 -0.614985 -0.482703 -0.129529
0.054854 0.096391 -0.158572 0.092677 0.798102 -0.563027
-0.538246 0.184533 0.177401 -0.554482 -0.572642 0.096950
0.746697 -0.426105 0.073460 -0.131517 0.354186 0.335762
0.178690 -0.173339 -0.328718 0.852042 0.261506 -0.188700
-0.435149 -0.194064 0.343048 0.316379 0.688328 0.285328
-0.070556 0.556766 -0.030432 -0.770567 0.244598 0.174659
0.475263 0.093147 0.702335 0.384149 -0.325458 -0.136679
-0.479325 0.250994 -0.260472 0.352280 -0.576667 0.427502
0.206506 0.211526 0.469285 -0.787306 -0.008748 0.269177
-0.103240 0.056313 -0.450443 0.100113 0.796703 0.372174
0.150309 0.216254 0.068554 -0.077587 0.957735 0.051639
-0.143770 -0.215845 0.042691 0.309441 0.477371 -0.779283
-0.641812 -0.313309 0.279264 -0.172216 0.599164 -0.152548
-0.069838 0.467459 -0.062529 -0.760851 -0.396939 0.190371
-0.044013 -0.167530 0.119924 -0.708782 -0.672306 -0.035326
-0.056108 0.589030 0.481318 0.471199 0.243928 -0.369729
-0.501352 -0.281591 0.049853 -0.662753 0.262755 -0.398230
0.672659 -0.382929 -0.038277 0.198344 -0.111028 -0.589715
0.090257 0.024983 0.784831 0.186904 0.420952 -0.403902
-0.310327 -0.043803 -0.290133 -0.190693 -0.861338 0.198329
-0.025833 -0.641581 0.446613 -0.540998 -0.249710 0.182237
0.233265 0.696460 -0.035651 0.184924 0.192360 0.622946
-0.336893 0.404919 -0.272871 0.065086 0.381153 -0.706096
0.694224 0.076281 0.384760 0.502880 -0.051081 0.329692
0.003590 -0.604561 0.076448 0.505985 -0.491044 0.362634
0.616833 0.001725 -0.199612 -0.225711 -0.426616 0.588832
0.155501 -0.197822 -0.664068 -0.067104 0.693198 -0.103309
-0.021062 -0.396793 0.529707 0.534644 0.046574 -0.522981
-0.223090 -0.835515 -0.093068 0.276363 -0.352652 -0.206747
0.321314 0.567485 -0.695577 -0.047457 -0.283853 -0.089816
0.380025 0.254201 0.648954 0.099837 0.164210 0.576965
-0.480337 0.676803 0.486783 -0.042736 0.207771 -0.171061
0.105657 -0.246177 0.057706 0.272328 0.872452 0.299279
-0.335065 0.212266 0.176285 -0.186552 0.333736 0.815731
