0.292936 0.283848 -0.335180 0.271537 -0.548982 0.496369 -0.315876
-0.350810 -0.251611 0.292485 -0.601733 0.357544 -0.403798 -0.274051
0.001314 0.696804 0.338292 0.138932 0.300430 0.436603 0.315973
0.352723 -0.337443 -0.218218 -0.675366 0.410787 0.108891 0.278167
0.523142 0.302283 -0.025022 -0.323354 0.694953 -0.213713 0.033625
-0.451471 0.116129 0.226291 -0.441524 -0.664392 -0.173237 -0.255166
0.101891 -0.496025 0.237194 0.581400 -0.073365 -0.079062 -0.581084
0.188496 -0.679257 0.257769 0.092117 -0.233453 0.516865 0.326343
0.712059 -0.375769 -0.132656 -0.099123 -0.071940 0.525896 0.206410
0.128248 0.040187 0.444305 0.793590 -0.246532 -0.303510 0.043005
-0.316309 -0.693423 -0.178560 0.203325 0.118703 -0.072073 -0.571493
-0.223038 0.483084 0.473779 -0.489991 0.094297 0.122715 0.477886
-0.082197 -0.365063 0.512569 0.075816 0.157048 -0.459709 -0.596239
-0.286558 0.671621 0.469065 0.060312 0.438438 -0.224882 0.018736
0.463560 -0.002339 -0.204296 0.239544 0.197064 -0.775579 0.213614
0.155168 -0.389282 0.613201 0.532798 -0.235735 0.169027 0.283467
0.105606 0.355274 -0.482763 0.235183 0.199426 -0.188686 -0.706317
0.456324 0.057394 0.580499 0.065685 0.461501 0.198085 -0.441542
-0.322640 0.447122 -0.381298 0.230300 -0.663029 0.202591 -0.130032
0.055008 -0.516085 0.169554 -0.350220 -0.346207 -0.144931 0.662091
-0.048939 -0.436149 -0.432748 -0.584776 0.414861 0.224763 -0.235619
-0.511655 -0.124775 -0.458931 -0.389197 -0.344761 0.207064 0.445884
-0.352972 0.046284 0.119643 -0.332339 -0.325015 0.209453 0.773951
0.000935 0.498326 -0.395604 -0.168092 0.590573 -0.265090 0.384532
-0.337893 -0.268240 0.124261 0.402149 0.266702 -0.459024 0.595717
0.299858 0.153837 -0.234875 -0.186636 -0.289537 0.842613 0.050903
-0.732964 -0.006524 0.105257 0.556789 0.299602 0.147793 0.173276
0.271153 0.392264 0.617265 -0.399607 -0.072415 -0.408229 0.244967
-0.090176 -0.187608 0.474211 0.177513 -0.418079 0.714919 -0.119938
0.431717 0.165473 -0.358672 -0.336824 -0.220451 -0.701939 -0.053157
-0.173321 -0.206967 0.050250 0.679558 0.224901 0.534436 -0.355807
0.379914 -0.305068 0.068273 -0.158983 0.561107 0.570249 -0.304363
0.438536 -0.003923 0.121780 0.073462 -0.021897 -0.195452 -0.865311
0.193791 -0.206520 0.887031 -0.055749 -0.145710 0.325684 -0.050622
-0.098131 0.020202 -0.013271 0.082716 0.622349 0.674260 0.375499
-0.466665 0.027020 0.193972 0.349891 -0.296762 -0.666318 -0.298995
-0.837374 -0.048075 -0.231712 -0.128405 0.474909 0.025480 0.011351
-0.192512 -0.055936 -0.043079 -0.244254 0.219852 -0.286262 -0.876364
-0.379564 0.267812 0.659830 -0.167508 -0.385772 0.382387 -0.160418
0.083748 -0.466019 0.715518 0.299535 -0.128268 -0.389079 -0.079314
-0.385500 -0.370960 0.361351 0.031780 0.001700 0.473076 -0.598657
-0.249709 -0.610942 0.021535 -0.427171 -0.010342 0.369842 0.494536
0.178687 0.092871 0.336241 -0.598081 -0.206018 0.648491 -0.160325
0.232153 -0.777660 -0.155750 0.398840 0.210991 0.310273 -0.131273
0.230511 0.210808 -0.024610 -0.577026 -0.371739 -0.134968 -0.642226
-0.670328 0.596933 -0.208787 0.085012 0.267648 -0.255412 0.081500
0.452184 -0.219479 -0.697446 -0.430224 -0.012184 0.256603 0.099203
-0.577807 -0.375471 -0.038736 -0.307787 -0.300430 0.549882 -0.190524
-0.534651 -0.569324 -0.334228 -0.183405 -0.379869 -0.247077 -0.198305
-0.057958 0.691776 -0.062915 -0.179587 -0.292472 0.568416 -0.270629
-0.393503 0.546420 0.253897 0.237806 -0.582359 -0.258969 -0.139136
0.309660 0.608074 0.059575 0.572194 0.057502 -0.389458 -0.220040
0.263785 -0.247567 0.425440 -0.106221 -0.371390 -0.602533 0.419368
-0.217901 -0.353004 0.237579 -0.656915 0.218907 0.500654 -0.203351
0.547632 0.245111 -0.296547 -0.397384 -0.623592 -0.072526 0.006308
0.320873 -0.107627 -0.707071 0.224934 -0.027660 0.544179 0.194985
0.677755 0.037610 -0.480837 -0.054179 -0.055267 0.025555 -0.548987
0.596849 0.259532 0.094277 -0.414595 0.267147 0.049170 -0.567321
-0.101653 -0.018578 0.896111 -0.021276 -0.115243 -0.215063 0.355417
-0.063546 -0.582650 -0.370787 -0.518949 -0.278323 0.146635 -0.388233
0.313803 -0.196532 0.028910 -0.855040 0.050973 0.195380 -0.300336
0.633680 -0.121158 0.088938 0.352181 0.601991 -0.225736 0.196161
0.101502 0.140082 0.165442 0.013990 0.732051 -0.530144 0.354340
0.309972 0.479782 -0.222296 -0.308744 0.100276 -0.471066 -0.545004
-0.131278 0.245955 -0.159638 0.765816 -0.491139 -0.255742 -0.060767
0.067055 0.014070 0.475936 -0.411496 0.575235 0.496788 0.147539
0.398798 0.844874 0.099387 -0.040681 0.302872 -0.027964 -0.151992
0.239355 -0.340084 0.293695 0.805952 0.291135 0.074604 0.030183
0.369279 0.115494 -0.348741 -0.497695 0.278663 0.556030 -0.306841
-0.187459 0.187161 -0.669403 0.204901 -0.440013 0.168852 0.466501
0.239383 -0.460770 -0.239304 0.595441 -0.181823 0.360802 0.394123
0.234520 0.236796 0.849760 -0.017309 -0.030024 -0.211810 -0.347523
-0.192508 -0.081601 -0.365358 -0.023403 0.590767 0.223695 -0.650540
0.009269 0.019281 0.594634 -0.153596 0.197324 0.666009 -0.373973
-0.144982 0.029836 -0.087683 -0.189339 0.025329 0.829411 -0.495972
-0.652386 0.306198 0.066939 -0.144331 -0.175343 0.414900 -0.502431
0.781135 -0.293685 0.037575 0.224387 0.229256 0.101238 -0.434751
-0.051183 0.401654 -0.176542 0.712035 -0.093277 0.283007 -0.457275
0.228262 -0.170917 0.136878 -0.648807 -0.581333 -0.367551 0.077177
0.144198 0.119999 0.291949 0.205794 -0.833117 -0.359484 -0.117940
0.702531 0.481453 -0.235482 0.178562 0.339896 -0.156548 0.217443
-0.840675 -0.216135 0.054152 0.224191 -0.159934 -0.329217 0.243712
0.633172 -0.181554 -0.474399 -0.003545 0.557143 0.174984 -0.006027
0.202206 0.180612 -0.439020 0.550461 0.485691 -0.307274 0.316912
-0.225940 -0.187560 -0.269890 0.547345 -0.054235 -0.717040 0.155749
0.073135 -0.301314 -0.299435 0.867294 -0.144130 0.049932 -0.196813
0.064442 0.061765 -0.523122 -0.265245 -0.131328 0.538586 0.583695
-0.125964 -0.208778 -0.332843 -0.726864 -0.186837 0.510654 0.075858
-0.044209 -0.738566 -0.174251 -0.221850 0.337987 -0.265771 0.433723
-0.157965 -0.240841 0.067825 -0.248090 -0.441370 0.750512 0.304662
0.452047 -0.354200 -0.004721 0.330192 0.462836 0.522248 0.272375
-0.336907 0.325957 -0.600125 -0.285323 0.553309 0.057241 -0.171056
-0.054793 0.146857 -0.213885 -0.757746 0.384710 -0.238008 -0.388402
-0.753231 0.188832 0.318131 -0.294436 0.234810 -0.139950 0.366558
0.385639 -0.355810 -0.123668 0.220954 -0.577269 0.568862 -0.061021
-0.311795 0.057431 -0.165888 0.194609 0.913223 -0.010853 -0.000375
-0.213869 -0.475461 0.529611 -0.458713 -0.353136 0.335263 0.013582
-0.197245 0.425229 0.068067 -0.310807 0.706115 0.193881 0.377959
-0.493656 -0.036979 -0.281851 0.330511 0.012552 0.283150 -0.697085
-0.056032 0.058821 0.676516 -0.707930 0.130464 0.061994 -0.117036
0.556702 -0.535266 0.134138 0.536608 -0.299294 0.062016 -0.064879
0.716805 0.052981 0.061134 0.674095 -0.014327 -0.121987 0.100783
0.823475 0.079659 -0.049152 0.234049 -0.491050 0.131151 -0.004341
-0.233072 -0.334671 0.198326 0.590702 0.087683 0.559027 0.353852
0.311755 -0.453164 0.398055 0.331919 0.097850 0.592079 -0.262109
-0.147892 -0.163942 -0.933998 -0.143220 -0.239673 0.014150 0.027266
0.196139 -0.086589 0.237307 -0.095643 0.732226 -0.376243 -0.459192
-0.149518 -0.136787 -0.657843 0.156096 -0.439836 -0.500057 -0.241448
-0.409193 0.420562 -0.357598 -0.124198 0.136556 -0.433898 -0.552696
-0.358839 0.112827 0.404589 -0.331527 0.755074 -0.095918 -0.074608
-0.231395 -0.402321 -0.639037 0.443660 0.045183 0.390055 -0.158768
-0.723142 0.230523 -0.178184 0.166434 -0.157962 0.008272 0.582628
0.003897 -0.433302 -0.286917 0.063387 -0.472890 0.266202 0.656816
0.704267 0.500478 0.077795 -0.426772 -0.011723 -0.229514 0.111936
-0.553765 -0.568173 0.040667 0.126505 -0.429746 0.216817 0.348102
0.002055 0.394658 0.026432 0.346061 -0.382399 -0.727338 0.220304
-0.581125 0.446634 -0.322523 -0.475976 0.100542 0.263740 0.229281
-0.813384 0.225351 0.442669 0.199955 0.000486 -0.123589 -0.190818
-0.201213 0.746041 0.097661 -0.087734 -0.033271 -0.610825 -0.107178
-0.666864 -0.431468 0.256631 0.066768 0.206396 0.115433 0.492835
0.417019 0.285258 -0.152485 0.086712 0.628161 0.191504 -0.531689
-0.507218 -0.343045 0.675959 0.278658 -0.147007 0.260725 0.029848
0.382741 0.456940 0.293642 -0.045491 0.253349 -0.696830 -0.081618
0.796732 -0.228343 -0.026735 -0.393408 -0.279986 0.032528 -0.279542
0.079660 -0.365371 0.085696 0.535645 -0.474054 -0.551349 -0.192837
0.243551 0.011542 -0.003645 0.154054 0.356287 -0.239734 0.855799
-0.166640 0.361277 -0.183296 -0.740360 -0.053132 0.427448 -0.272847
-0.045226 -0.323403 -0.590456 0.488368 0.310299 -0.365695 -0.276054
-0.167641 0.332285 -0.118858 0.369567 0.455339 -0.706078 -0.069971
0.186282 -0.287278 -0.716092 -0.023422 0.101908 -0.157879 0.578034
-0.255031 0.155670 -0.277300 -0.033529 -0.060500 -0.907335 -0.076084
-0.497984 0.005626 0.487405 0.133605 0.596744 0.324832 0.186942
-0.198664 -0.617085 -0.211660 -0.027253 0.241845 0.541359 -0.427361
0.940815 -0.162003 -0.210936 -0.019551 0.008610 -0.171801 0.118977
-0.359168 0.017376 -0.111087 0.399579 -0.430792 0.673744 -0.243270
0.003145 -0.672884 -0.369405 0.328440 -0.444213 -0.126410 -0.299299
0.025082 -0.275379 -0.164391 0.275333 -0.010864 0.905717 0.016257
-0.148936 -0.248912 -0.522544 0.025812 -0.381682 0.462807 -0.531292
-0.072878 0.717327 -0.297395 0.337678 0.476550 -0.089263 -0.206381
0.170612 0.269835 -0.615228 -0.100158 -0.497692 -0.096404 -0.502547
0.029791 0.238885 0.104002 -0.557375 0.099241 0.631060 0.460953
-0.104320 0.491309 -0.059550 -0.201723 0.709599 -0.337527 -0.293325
-0.014147 0.408277 -0.021464 -0.369375 -0.601118 -0.570710 0.095696
-0.736830 0.403609 -0.151765 0.444710 -0.167779 0.172441 -0.124487
0.205402 -0.386912 0.674122 -0.455932 -0.136190 -0.343171 -0.097370
0.317293 0.230108 -0.366661 0.691407 -0.324189 0.262218 0.245019
-0.089051 -0.058665 -0.403499 0.395374 0.187858 0.234575 0.761039
0.421088 0.394988 0.674476 -0.186317 0.027915 0.343763 0.241008
0.023171 0.051478 -0.625175 -0.499858 0.050285 0.060320 -0.591561
-0.163549 0.388714 0.338278 0.324185 -0.473898 0.285336 -0.544637
-0.301811 -0.349901 -0.709718 0.011732 0.508010 -0.105548 0.115880
-0.048523 -0.281644 0.138231 -0.306825 0.539400 0.224811 0.680867
-0.303362 -0.110108 -0.306678 0.458140 -0.466816 -0.294978 0.535700
0.335811 0.564847 -0.590067 -0.211971 0.376568 0.032287 -0.179508
0.577328 -0.330783 0.121447 0.237529 -0.292767 -0.021714 0.632393
0.238949 -0.381299 0.511459 0.365005 0.250439 -0.355275 0.462337
-0.323708 -0.026185 0.635189 0.573392 0.185881 -0.088404 0.346292
-0.164636 0.372815 0.261893 -0.558141 0.429363 -0.442206 0.271838
0.186790 0.650188 0.534213 0.308547 0.121205 0.247032 -0.293368
-0.457801 -0.030955 0.308843 0.299584 0.007560 -0.087508 -0.772406
0.758167 0.302601 -0.413667 -0.032082 -0.000408 0.401323 -0.020143
-0.294590 -0.081207 0.639630 -0.240775 0.016072 0.484201 0.452565
-0.276875 -0.146750 -0.528740 -0.398823 0.428295 0.280826 0.448196
-0.259268 0.278681 -0.772161 0.195023 0.262094 -0.388728 -0.032364
0.332612 -0.354237 -0.132941 -0.564171 -0.038535 -0.431210 -0.490404
-0.112645 0.202500 0.162857 -0.634803 -0.117708 -0.655649 -0.270329
0.173543 -0.360008 -0.170183 0.124609 -0.116217 -0.547937 0.694295
-0.713387 0.279690 0.042247 -0.188605 -0.266207 -0.550229 0.043338
-0.303209 -0.675499 -0.474775 0.357228 -0.069719 -0.036436 0.304229
-0.099908 0.324083 -0.147672 -0.013442 -0.300293 0.120004 -0.870876
0.174465 -0.610500 -0.461590 -0.044020 0.290839 0.386702 0.384347
0.269575 0.449677 0.087015 0.774108 0.255953 0.206336 0.101089
-0.056371 0.315721 -0.160815 -0.327639 0.232365 0.119423 0.834073
-0.219180 0.513278 -0.494049 0.634272 0.017034 -0.019688 0.203575
-0.265109 0.248070 0.195263 -0.058830 0.101311 0.897435 0.104576
0.742630 0.276960 0.138920 0.284492 0.362595 0.372986 -0.031073
0.205120 0.078494 -0.501019 0.116344 0.744403 -0.327162 -0.161366
-0.517820 0.421452 0.534537 0.182723 -0.169076 0.022703 0.453896
-0.279656 -0.706595 0.376310 0.388002 0.327176 0.142265 -0.055482
0.192220 0.152353 -0.201263 0.293574 0.419006 0.741303 -0.296737
-0.384178 -0.164958 -0.297092 -0.169346 0.633053 -0.422861 -0.358732
-0.604121 -0.202022 -0.552082 -0.045223 -0.073648 -0.489312 0.206241
-0.444007 -0.240339 -0.381796 0.143869 -0.006075 0.615630 0.446757
-0.083937 0.048909 -0.075816 0.369085 -0.496235 0.605183 0.485896
0.142526 -0.005594 -0.474256 -0.521306 -0.449348 -0.152466 0.507757
-0.532292 -0.036818 -0.569022 -0.606331 0.031217 -0.112547 -0.101220
0.143602 0.207079 0.373954 0.270337 -0.225481 -0.391355 0.720814
0.149205 -0.388948 0.286684 -0.552984 -0.471260 0.043760 -0.463117
-0.013396 0.810599 -0.306853 0.172024 -0.239365 -0.094816 -0.390785
0.404241 0.273479 0.285974 0.074001 0.587312 0.244585 0.519408
-0.114409 0.003192 -0.053452 0.414419 0.554932 -0.323339 -0.632300
-0.306885 0.209431 -0.529665 0.500253 0.461137 0.186963 -0.289067
-0.012027 0.508229 -0.418436 -0.203980 0.309388 0.646354 0.106622
0.145521 -0.197800 0.015648 0.379731 -0.293251 0.481148 -0.691202
-0.137372 -0.055138 -0.135281 0.355181 -0.732714 -0.007788 -0.544705
-0.172702 -0.674491 0.593057 -0.054867 -0.054020 -0.077912 0.389256
0.027504 -0.810853 0.033060 0.449583 0.059146 -0.366793 0.022543
-0.322466 0.049442 0.753408 0.274048 -0.396793 -0.201854 -0.229468
0.526082 0.087624 -0.295906 -0.301112 0.336897 -0.389329 0.521780
-0.272202 -0.304109 0.555966 -0.540457 0.324423 -0.037037 0.354414
0.106904 0.140665 0.162744 0.138689 -0.892089 0.356711 0.000593
0.401506 0.654034 -0.257513 -0.446784 -0.177907 0.151463 -0.300853
0.112312 0.020578 0.630160 -0.538995 -0.394763 0.120606 0.359113
0.320780 0.420526 0.598864 -0.235581 0.549674 -0.055494 -0.030037
-0.473059 -0.609179 0.292679 0.266398 -0.351320 -0.252480 -0.247618
-0.275837 -0.070417 -0.317677 -0.432553 -0.303636 -0.523035 -0.514951
-0.220752 0.781112 -0.530643 -0.032704 -0.100385 0.095924 0.197995
-0.214304 0.639490 0.111281 0.394683 -0.379319 0.467468 0.120661
0.566755 -0.242972 -0.259634 0.117029 -0.319658 -0.534127 -0.388813
-0.549984 0.319623 0.109429 0.586938 -0.064060 -0.420778 0.240271
-0.302122 -0.439681 -0.116981 0.103014 0.052714 -0.717761 -0.416111
0.592286 0.487306 0.215153 -0.154022 -0.395644 0.420317 -0.092289
0.108787 0.466780 0.353750 0.055275 -0.225209 0.214009 0.738626
0.568895 -0.075601 -0.180700 0.569618 -0.014074 0.529165 -0.182518
-0.350440 -0.488488 0.288081 -0.013861 0.177380 0.719387 0.080054
0.740161 0.245736 0.073267 -0.081621 -0.026503 0.226977 0.572298
0.237628 0.308893 0.104112 -0.472373 -0.266156 -0.240807 0.696646
0.242097 -0.359523 0.163959 -0.239326 0.016655 -0.844532 -0.120251
-0.077352 0.527141 -0.212496 -0.502814 -0.479105 0.210139 0.380082
0.200818 0.648715 -0.389990 0.057612 0.186804 -0.585718 0.073947
-0.397743 0.013376 -0.077007 -0.165761 -0.401392 -0.521254 0.612694
-0.121555 -0.563771 0.026889 -0.080978 -0.759539 0.258731 -0.127538
-0.311545 0.643508 -0.196797 -0.499209 -0.268579 -0.165005 -0.318650
0.048061 -0.647165 0.140467 0.328729 -0.565838 -0.165251 0.321860
-0.657211 -0.362062 -0.061007 -0.527206 0.101894 -0.207402 0.319249
-0.062015 -0.128301 0.736430 0.514938 0.107635 0.171440 -0.362251
0.563107 0.115746 0.251195 -0.326167 -0.380072 -0.532829 -0.267708
-0.018075 0.148031 0.550505 -0.082705 -0.327338 -0.736273 -0.136444
0.376150 -0.249352 -0.312080 -0.287581 0.515179 -0.102433 -0.583383
0.301355 0.468265 -0.763389 0.239690 -0.222643 0.001747 0.011266
0.310177 -0.185851 -0.030733 0.701441 0.196340 -0.522452 -0.254520
0.047262 0.593852 0.370913 -0.520685 0.205668 -0.244714 -0.366379
0.241637 0.796814 -0.165559 -0.077849 -0.373480 -0.280553 0.234588
-0.380726 0.752996 0.291464 0.055840 -0.020759 0.029558 -0.445724
-0.131271 -0.427859 0.741309 -0.171271 0.393870 0.136880 -0.216708
0.100923 0.044966 -0.405647 -0.842406 -0.290229 -0.144187 -0.092589
0.510463 -0.246339 0.432129 -0.179007 -0.569501 0.365241 -0.047263
-0.239557 -0.103657 0.447494 -0.603987 -0.163784 -0.486016 0.322150
-0.675663 -0.165589 0.481279 -0.228401 -0.376178 -0.066186 0.293892
0.017118 -0.156522 -0.782503 0.520711 -0.091621 -0.135258 0.255084
0.275478 -0.165330 0.232602 -0.028472 0.904743 0.130000 0.080030
-0.071512 -0.652473 0.141590 -0.393416 0.195269 -0.029199 -0.596120
0.544921 -0.707182 -0.159200 -0.336488 0.172096 0.061958 -0.175873
-0.255202 -0.643818 0.005253 0.451536 -0.311194 0.436917 -0.169470
0.020258 -0.633213 -0.192813 0.014839 0.716487 -0.034650 -0.216058
-0.062501 -0.101915 0.135764 0.589506 0.675142 0.055992 0.401007
0.416074 -0.643616 0.378003 0.214600 0.448183 -0.071363 -0.133196
0.080294 0.371739 -0.724374 -0.357403 -0.290182 0.343814 -0.022264
-0.568538 -0.240560 -0.483172 0.152832 -0.555899 0.226992 -0.039172
0.347228 -0.597925 -0.079468 0.123480 0.216304 -0.419447 -0.526910
-0.633212 0.320921 -0.002534 0.047909 0.478869 0.070611 -0.509362
-0.069714 -0.207481 0.521627 0.053978 -0.628157 0.268710 0.458582
0.028518 0.023657 0.066281 -0.610601 -0.736555 0.277765 0.041652
-0.926588 0.038229 -0.161329 -0.227137 -0.238477 0.074027 -0.002041
0.621142 -0.006567 0.150597 -0.068684 -0.096129 0.597597 -0.469446
0.177402 -0.176258 -0.058414 -0.312903 0.035814 0.353059 -0.842738
-0.309114 -0.148802 0.441421 0.338701 -0.444865 -0.487368 0.370545
0.071876 -0.316580 0.422188 0.430712 -0.661414 0.110937 -0.284746
0.095532 0.020695 0.218693 0.823247 -0.304119 0.414536 -0.023560
0.471055 0.159338 -0.303173 -0.260541 0.459459 0.430107 0.443654
-0.558691 -0.280135 0.653068 0.032708 0.184695 -0.381711 0.044791
-0.264478 0.557838 0.416322 -0.428973 0.193010 0.449587 -0.148811
0.511119 0.062889 0.286916 0.355419 -0.354244 0.544392 0.322967
0.073759 -0.059590 -0.005411 -0.106104 -0.829996 -0.174681 0.510211
0.330100 0.292054 -0.151319 0.286422 0.091702 0.712508 0.429798
-0.270010 0.477592 0.474452 0.681212 -0.026562 0.082943 -0.047561
-0.069580 -0.487855 -0.507680 -0.052476 -0.585942 -0.254029 0.298002
0.097011 0.464952 0.247953 -0.784071 -0.311844 -0.013858 -0.026877
-0.523917 0.127914 0.263437 -0.651014 -0.269581 0.367218 0.091695
0.393339 -0.242966 -0.670559 0.279470 -0.428926 0.138181 -0.235434
-0.678089 0.060041 -0.692412 0.158258 0.012764 0.130532 0.122104
-0.375982 -0.302388 0.316412 0.628446 0.236068 -0.415442 -0.209328
-0.360244 -0.519169 -0.175519 0.268785 0.526815 0.335978 0.327447
-0.160575 0.129489 -0.107187 0.911134 0.259100 -0.214823 -0.050116
-0.101180 -0.560043 -0.543041 -0.541920 -0.067568 -0.052965 0.283148
0.685556 0.477528 -0.286614 0.124131 -0.270182 -0.298785 -0.205314
0.235226 0.427777 -0.273038 0.261827 0.710420 0.305955 0.142367
0.200624 0.357787 0.246586 0.321454 -0.144049 0.772281 -0.224574
0.354393 0.143960 0.307600 -0.557501 0.378435 -0.031112 0.551431
-0.408263 -0.357330 0.274738 -0.299971 -0.342121 -0.633498 -0.147672
0.187083 -0.542984 -0.310370 0.455671 0.463296 -0.211655 0.326745
0.111961 -0.769183 0.192595 -0.219522 0.429570 0.341671 0.096286
0.383424 0.497016 0.152423 -0.223265 0.335341 0.630196 -0.152583
-0.068173 0.551133 -0.159559 -0.325150 0.301167 0.202195 -0.654858
0.527120 -0.377495 -0.001153 -0.012572 -0.742223 -0.164837 0.037640
0.017998 -0.776605 0.475079 0.047303 -0.203113 0.145604 -0.325834
0.169494 0.595150 -0.298559 0.261504 0.202202 0.136022 0.632581
0.467987 -0.445890 0.479788 -0.327390 0.133473 0.202740 -0.431129
-0.084552 -0.088422 -0.228276 -0.584740 0.184117 -0.384352 0.639825
-0.254190 -0.090302 0.339546 -0.189672 0.085551 -0.305770 0.821677
-0.188016 0.855005 -0.103333 -0.352558 0.310066 0.047877 0.014477
-0.237994 -0.227088 0.191970 0.159022 0.692175 0.514290 -0.293342
-0.558839 -0.309987 -0.349959 0.556480 -0.269682 -0.231801 -0.181677
-0.330008 0.279779 0.236882 0.596104 0.545533 0.098142 -0.306802
0.018807 -0.015203 0.672092 -0.185675 0.404745 -0.591081 -0.006104
-0.820291 -0.392105 0.008420 0.271845 0.009375 0.223950 -0.221732
-0.472784 -0.234292 -0.675739 -0.025867 0.074319 -0.123208 -0.493546
0.474983 0.082151 0.088067 -0.005728 -0.658341 0.048294 -0.569306
-0.399076 -0.245190 0.683924 -0.310529 -0.185734 -0.112194 -0.411528
0.326865 -0.015334 0.141546 -0.821128 0.136864 -0.414348 0.090675
-0.485173 0.198815 0.453652 0.342108 0.081840 0.557172 -0.291725
0.210611 0.250654 -0.416680 0.202804 -0.780721 -0.254139 0.062870
0.176866 -0.215382 -0.087459 0.766713 -0.032176 -0.286551 0.493644
-0.003696 -0.177591 0.338272 0.311343 0.071841 -0.854115 0.149709
0.568056 -0.099227 -0.527455 0.036489 -0.471335 0.124751 0.387565
0.454721 0.278495 -0.508730 0.587306 0.243784 0.059760 -0.221208
0.279518 -0.191112 -0.104983 0.521988 0.723402 0.108149 -0.258548
-0.489340 0.276907 -0.320477 -0.414795 0.319487 -0.544038 0.105166
-0.430458 -0.233085 0.106270 -0.214849 0.277282 -0.761384 0.215253
0.472302 0.036501 -0.176959 0.595605 -0.393967 -0.105150 -0.472516
-0.151866 0.301987 -0.585778 0.366053 -0.093382 0.631913 0.023996
0.227669 -0.027001 0.455679 -0.455173 0.143507 -0.365267 -0.615304
-0.023370 -0.213189 -0.536723 0.100621 0.635422 0.500315 -0.041627
0.114371 0.190469 0.620879 -0.311768 -0.617755 -0.032255 -0.292044
-0.085603 0.026732 0.143607 -0.224745 -0.612655 0.548831 -0.494230
-0.343883 -0.477390 0.150037 0.739050 -0.132304 -0.079263 0.247691
0.181784 -0.565975 0.088869 -0.310416 -0.180162 0.661027 -0.270103
0.626570 -0.059637 -0.396801 0.355323 0.160781 0.099219 0.533342
0.119964 0.083878 -0.272401 -0.414332 0.821529 0.227058 -0.078959
-0.619011 -0.053312 0.007536 -0.354227 0.225675 0.513322 0.417158
-0.516027 0.046896 -0.148958 -0.092273 0.553137 -0.208226 0.592871
0.112560 -0.390244 0.244161 0.179269 0.440739 0.141425 -0.727349
0.137368 0.222650 0.394181 0.486658 -0.307348 -0.302835 -0.594281
0.161311 0.289937 0.261379 0.596894 0.293139 -0.497732 0.362831
0.459306 -0.464192 -0.289166 -0.165764 0.514132 -0.442601 0.047347
0.295999 -0.141075 0.561099 -0.102412 -0.021084 0.127814 0.741877
0.371137 -0.336323 -0.631426 -0.332779 -0.391407 -0.241268 -0.168210
-0.040467 0.239389 0.175088 0.220076 0.252177 0.425676 -0.785604
0.589737 -0.361422 0.454624 0.078375 -0.283439 -0.264548 -0.398041
0.200764 0.478162 0.435088 -0.256758 -0.133465 0.324913 -0.593673
-0.040404 -0.745122 0.330048 -0.151900 0.318214 -0.450415 -0.083797
0.622816 0.140229 -0.111892 -0.025369 -0.380375 -0.463193 0.469086
0.098141 0.595464 0.601167 0.262356 -0.181186 -0.381034 0.165962
-0.600103 0.086003 0.208960 0.226191 0.594561 -0.421004 0.083105
0.091235 -0.082583 -0.725479 -0.478705 0.338232 -0.331786 0.069969
-0.152278 -0.230190 -0.326627 -0.561737 -0.194463 -0.663274 0.154411
-0.701221 0.035316 -0.297353 0.363741 0.241596 -0.385521 -0.281641
0.323649 0.771541 -0.248176 0.291407 0.010528 0.391356 -0.014004
0.075195 0.236955 -0.824815 0.076125 0.334020 0.180115 0.328745
-0.218481 0.352824 -0.257639 0.258561 0.116682 -0.500616 0.655987
0.319477 0.135886 0.215144 0.691940 0.245881 0.055090 -0.539360
-0.642795 0.180429 -0.247625 0.072156 -0.427715 -0.212501 -0.509548
-0.603234 -0.586040 -0.429526 -0.175912 0.119661 0.249471 0.025956
0.424129 -0.213583 0.749633 -0.201789 0.364046 -0.090021 0.176623
0.263877 -0.349744 0.282420 -0.577390 0.605962 -0.116669 -0.118768
-0.733776 -0.076224 0.457088 -0.296784 0.203535 0.301821 -0.161955
-0.341124 0.663094 0.001316 -0.209063 -0.066505 -0.274440 0.566120
0.524833 0.092537 0.530781 0.433226 -0.264024 0.253331 -0.335692
-0.793517 -0.183588 0.058226 -0.213963 0.008164 -0.328153 -0.423917
0.036085 -0.660037 0.144192 -0.712380 0.011227 -0.159056 0.096685
0.724493 -0.181343 0.253913 -0.264095 0.299773 -0.437621 -0.163190
-0.144497 0.327219 0.092564 0.710891 -0.119483 0.069709 0.582219
0.640568 0.086631 -0.414252 -0.566768 0.192528 -0.185297 -0.133924
-0.461613 0.462623 -0.463143 0.233420 -0.343148 -0.426280 0.066641
-0.359691 -0.402571 0.037828 -0.125396 -0.404069 0.039716 -0.725641
0.771856 -0.264583 0.473601 0.185603 0.075292 0.225921 0.137036
0.096346 -0.375298 0.621032 0.171327 0.405740 0.371248 0.363849
0.127751 -0.770919 0.009471 -0.217003 -0.374960 -0.408030 -0.187350
0.146809 -0.143116 -0.349455 0.026254 0.757130 0.006309 0.511734
0.169682 0.092871 0.076710 0.153266 0.061059 -0.803972 -0.532080
-0.329244 0.279466 -0.653101 -0.241423 0.016694 -0.181940 0.543407
-0.378681 -0.410297 -0.188914 0.606982 0.490544 0.038370 -0.205026
-0.293095 0.198440 0.646125 -0.075912 0.351502 0.006214 -0.572612
-0.323054 -0.655346 0.062956 -0.018438 -0.207565 -0.536463 0.361911
-0.000475 0.550130 -0.011525 -0.223064 -0.761494 0.063664 -0.252074
-0.195932 0.523585 -0.064676 0.226707 -0.609191 -0.103684 0.500027
0.167342 -0.020916 -0.882689 0.055330 0.279693 0.113655 -0.313388
0.567449 0.147336 -0.115412 -0.667314 -0.179635 0.344196 0.216626
0.588348 -0.414801 -0.473891 0.458611 0.149117 -0.106804 -0.115096
-0.254921 0.520427 0.074641 0.418339 0.558421 -0.083706 0.405898
0.027429 -0.188112 -0.225625 -0.260266 -0.835189 -0.218388 -0.316202
-0.290651 0.669883 -0.134967 0.224958 0.244612 0.501490 -0.294329
-0.375995 -0.236439 0.066381 -0.830358 -0.191942 -0.097648 -0.249895
0.209710 -0.248496 -0.390647 0.436161 0.201659 0.186145 -0.690010
-0.443470 0.254371 -0.313282 -0.192867 -0.359003 0.687776 0.036987
0.109172 -0.325419 -0.426417 -0.042197 -0.220209 -0.160923 -0.790053
0.352734 -0.401270 0.399281 -0.552927 0.054207 0.405019 0.287103
0.121290 0.582742 -0.223324 -0.629495 0.064441 -0.404145 0.179105
0.154701 0.162346 -0.257234 0.115583 -0.302780 -0.035879 0.881601
0.464752 -0.754298 0.371637 -0.145750 -0.159835 -0.053371 0.165190
0.115032 -0.135746 0.579540 0.000643 -0.262885 0.177432 -0.729303
0.472255 0.398531 0.321560 -0.153680 -0.639699 -0.098796 0.268616
-0.439969 0.054323 0.296094 0.544138 -0.607187 0.106029 0.199501
0.040173 -0.669786 0.094471 0.274867 0.161539 0.077368 0.658192
0.358367 0.021048 0.239567 0.568444 0.158398 0.226501 0.643597
-0.117104 -0.196978 -0.140355 -0.489304 0.739488 -0.315942 0.204222
0.290123 0.582296 0.089190 0.509190 -0.541281 0.027558 -0.125644
-0.357732 0.513463 -0.038214 0.526879 0.005194 -0.324731 -0.473123
0.101492 -0.280316 -0.180662 -0.387511 0.296695 0.782247 0.168468
0.477191 -0.080418 0.541172 0.359447 0.273138 -0.440220 -0.274506
-0.577163 -0.619152 -0.139871 0.135631 0.350152 -0.345457 0.060235
0.375514 -0.045607 -0.327119 -0.428389 -0.461943 0.437555 -0.401921
-0.380328 0.220206 -0.501738 -0.313252 -0.625049 -0.237638 0.099173
-0.106611 -0.140391 -0.441981 0.026198 0.417268 -0.672676 0.382472
0.088968 0.367727 0.701374 0.276289 -0.490736 0.201797 0.084010
-0.635909 -0.024763 -0.235547 0.171953 0.287463 0.635263 -0.154153
-0.281125 -0.070728 -0.693084 -0.266758 0.114998 0.577054 -0.135004
0.128471 -0.089960 -0.586519 -0.096065 0.187114 -0.609911 -0.463860
0.456142 0.430758 -0.567909 -0.256218 -0.066724 -0.051286 0.459491
-0.569528 -0.183322 -0.205035 -0.436620 0.187030 0.226027 -0.568583
0.120491 -0.670794 -0.675627 -0.041758 0.142799 -0.041135 -0.234989
-0.379134 0.320609 0.408924 0.049402 0.092794 -0.653697 0.384549
-0.266561 0.103209 0.296728 -0.584919 -0.102785 0.185281 -0.665749
0.286068 0.061065 0.172436 0.535894 -0.644118 -0.066483 0.422152
-0.000380 -0.108074 0.077187 -0.858667 -0.121908 0.118042 0.465035
0.391722 -0.282181 -0.209433 -0.348032 0.004670 0.132634 0.764412
-0.026199 0.010548 0.239749 -0.466894 0.584082 0.215412 -0.579810
0.318102 0.733849 -0.022321 -0.354782 0.048711 0.311396 0.366836
0.031333 -0.278677 0.221621 -0.048948 -0.490078 -0.480125 -0.631783
-0.709974 0.042057 0.217705 0.167903 -0.240725 0.534510 0.273737
-0.636237 0.372136 0.104575 -0.551687 0.219349 -0.111799 -0.284273
0.048783 -0.061150 -0.496914 -0.165357 -0.767633 0.349870 0.089134
-0.479202 0.111628 0.004416 -0.088234 -0.782058 0.230814 0.291910
0.665789 0.144931 0.394134 0.049371 0.172262 -0.410046 0.424417
-0.271133 -0.200398 0.248756 0.335119 -0.266633 0.065767 0.797950
-0.441631 0.276867 -0.054445 -0.727360 -0.227810 -0.239153 0.295295
0.323884 0.665438 0.304558 -0.053007 -0.339745 -0.293598 -0.393827
0.106564 -0.181895 0.074760 0.017930 0.053154 0.612868 0.755788
-0.417787 0.197744 0.288112 -0.104954 0.310768 -0.662309 -0.396354
0.134809 0.325319 -0.547620 0.058207 0.025060 0.517638 -0.551490
-0.477313 -0.079218 -0.429007 0.523329 0.357773 -0.193533 0.377519
-0.316305 0.513731 -0.157196 0.036689 -0.099106 0.515444 0.578335
0.111479 0.492680 0.266074 0.131692 0.324944 -0.256234 -0.696747
-0.379778 -0.426649 -0.024965 -0.512485 -0.593512 -0.085614 0.225586
-0.204716 -0.454126 0.323994 0.031389 0.698340 -0.205411 0.340633
0.096059 -0.087721 -0.419739 0.711802 0.381678 0.346192 0.186302
-0.125743 -0.971901 -0.089797 -0.084929 -0.101349 0.112279 0.037973
0.704205 -0.177572 0.291430 -0.454699 -0.214481 -0.133060 0.342308
-0.161682 0.297764 0.582003 0.440402 0.212406 -0.496466 -0.246818
-0.434856 -0.454067 0.009400 -0.350420 0.662159 0.207846 0.013667
0.778754 -0.027466 0.164729 -0.365759 0.390278 0.278905 0.042048
-0.578135 -0.700635 0.258059 -0.310266 0.017524 0.012146 -0.107502
-0.441091 0.396626 0.651371 -0.363537 -0.106397 -0.273238 -0.075530
-0.179326 0.143644 -0.710880 0.487011 -0.258033 0.039544 -0.369508
0.822198 0.329454 0.369054 0.083499 0.010709 -0.121683 -0.239492
0.420759 -0.234815 -0.386133 0.483738 -0.431919 -0.398294 0.198824
-0.612390 0.646170 0.092428 -0.187675 -0.374828 0.128881 0.081065
-0.034656 0.433504 0.343327 -0.215005 -0.457245 0.604539 0.268762
0.588444 -0.496346 0.091624 -0.082207 0.406891 0.004269 0.476071
-0.414265 -0.352303 -0.331403 -0.040488 0.022895 -0.086682 0.764697
-0.445514 -0.081350 0.205131 0.747820 -0.239758 0.069273 -0.362359
-0.031627 -0.586202 -0.521515 -0.072492 -0.314058 0.521003 0.089771
0.163658 0.106248 0.463008 0.450961 0.488181 0.552775 -0.017463
0.007684 -0.344435 0.032901 0.297856 0.640074 -0.615452 -0.055039
0.074651 0.168506 -0.620159 0.005745 -0.286512 -0.566623 0.422200
-0.069133 -0.393305 0.527503 -0.134148 -0.709101 -0.202888 0.017041
0.430943 -0.630377 -0.069609 0.034377 -0.340677 0.149417 -0.522015
-0.155864 0.880722 0.060918 0.377214 -0.028977 -0.109188 0.203158
-0.127308 -0.085629 -0.218593 0.495820 -0.142341 -0.373800 -0.723086
-0.050683 -0.116092 0.606486 0.350091 0.675921 -0.141454 -0.129173
0.470589 -0.738095 -0.358967 0.080898 -0.183029 -0.033742 0.252431
0.593594 -0.525938 0.120470 0.234406 -0.031682 -0.527175 0.150529
0.240980 0.408896 0.127111 -0.752475 0.395627 0.188002 -0.022171
0.506032 0.508253 -0.045891 0.239387 -0.068025 0.215811 -0.612369
-0.270540 0.315864 -0.022160 0.620079 0.256557 0.581033 0.196541
0.536256 -0.044816 0.676744 0.155416 -0.405251 -0.171772 0.185879
-0.549085 -0.354125 0.259763 0.058412 0.547687 -0.079006 -0.442729
-0.350427 0.159979 0.211264 0.202469 0.302798 0.261246 0.778489
0.329587 0.520672 -0.256320 0.073524 -0.530852 0.357312 0.373755
0.009427 0.840060 0.424830 -0.207268 -0.246615 0.073514 0.067436
-0.023356 -0.242844 -0.274841 0.525026 -0.746808 0.150775 0.094004
0.563013 0.148820 0.232831 0.346334 -0.321261 -0.618371 -0.033463
0.586308 0.143125 0.551213 -0.522546 -0.113700 0.095337 -0.191967
-0.079248 0.177793 0.595332 0.374109 -0.045696 0.561574 0.387658
0.123244 0.234704 0.039577 -0.238253 0.002156 -0.812381 0.459812
0.412001 -0.050031 0.379263 -0.082268 0.099305 0.790447 0.206097
0.528253 0.000929 -0.759902 0.063872 0.077818 -0.361079 0.054627
-0.211821 -0.577900 -0.322587 -0.473851 0.238217 -0.429556 -0.226498
0.233919 0.685406 0.201011 -0.037038 0.277733 -0.294235 0.519630
0.359625 0.225391 0.732157 0.443248 0.223451 -0.001654 0.193424
-0.400651 0.175007 -0.084057 -0.390437 0.529734 0.576384 -0.191071
-0.625022 -0.111795 0.281609 0.094512 -0.620317 0.177124 -0.304051
0.066157 0.302372 -0.496953 -0.720265 0.231047 0.134942 0.258573
-0.077042 0.209140 0.632688 0.021879 0.484742 -0.126502 0.546420
-0.467670 -0.125643 -0.061070 0.150563 -0.776863 -0.367156 0.027946
-0.221192 0.302680 0.877862 0.007887 0.221117 0.198304 0.023185
-0.498808 0.454977 -0.592887 -0.081804 -0.041748 0.202563 -0.378426
-0.460465 -0.060701 -0.306245 0.708956 -0.204772 0.284828 0.254608
0.552587 0.615649 0.276161 0.346887 -0.135838 0.051214 0.312977
-0.465049 0.338683 -0.422951 0.171564 0.485972 0.320408 0.349102
0.241872 -0.359271 0.291999 -0.322607 0.316255 -0.542078 0.478767
0.164833 0.064454 -0.124363 -0.378864 0.458861 -0.763396 -0.127850
-0.232794 0.334460 0.463717 -0.203588 -0.617678 -0.239769 0.372086
0.390426 -0.026620 0.078958 -0.263240 -0.544510 0.409068 0.554528
-0.338247 0.018640 0.001630 -0.835863 0.392470 0.101709 0.148981
0.285605 0.411126 0.237310 0.392264 0.697985 -0.208440 -0.092676
0.375293 0.431537 -0.279011 0.507524 -0.171088 -0.331637 0.445253
0.346698 -0.553297 -0.142712 -0.504139 -0.463768 0.228798 0.178074
-0.392655 0.058193 -0.382711 -0.464664 -0.522694 0.200944 -0.408006
0.091895 -0.570900 -0.497030 0.057465 -0.018048 -0.641651 0.056975
0.652378 0.148867 -0.172847 0.194394 0.370349 -0.437654 -0.394814
0.182143 0.250792 -0.494825 0.528900 -0.103253 -0.567527 -0.215852
-0.668379 0.552993 0.192192 0.032560 0.274156 0.332603 0.153897
-0.046393 0.424742 -0.729947 -0.344719 -0.123039 -0.368740 -0.121169
-0.067547 0.464114 0.238968 0.029734 0.741198 0.338813 -0.240578
0.495370 -0.433732 -0.243530 -0.443652 -0.129207 -0.451189 0.300144
0.431028 -0.394700 -0.460858 -0.023609 0.084542 0.544670 -0.376387
0.071970 -0.214284 -0.110020 -0.012544 -0.569814 -0.776561 0.094377
0.046801 0.355594 -0.172614 0.083534 -0.506361 -0.591714 -0.477559
-0.280828 0.322854 0.325626 -0.161310 -0.298778 -0.344507 -0.690576
