-0.344916 -0.244864 0.211056 -0.720256 -0.074154 -0.285480 -0.403965 -0.087042
-0.339933 0.054742 -0.125401 0.300714 0.064255 -0.684372 0.527985 -0.155027
0.436073 -0.290440 0.034869 0.044226 -0.721295 -0.080634 0.021342 0.441689
-0.340982 0.111661 0.675608 0.315248 -0.240257 -0.432170 0.254968 0.077036
0.619403 0.245078 -0.197274 -0.274571 0.138177 0.430155 0.372708 0.314537
-0.095473 0.181223 0.501304 0.489473 -0.158702 0.219552 0.556352 -0.290237
0.200785 0.805509 0.201359 0.443717 0.093050 -0.064037 -0.014963 -0.245821
0.089401 -0.117065 -0.238869 0.000338 0.040322 0.087709 -0.722171 -0.624817
0.019016 -0.084037 -0.867456 0.074866 -0.262144 0.399168 -0.021813 0.077214
-0.061099 0.390276 -0.851574 0.006102 0.017294 -0.068020 0.312574 -0.126925
-0.217339 0.472470 -0.226141 -0.164285 0.173532 0.560718 -0.332042 0.443438
-0.642276 -0.053868 0.125037 0.308217 -0.041031 0.003655 0.620873 -0.294564
0.119198 -0.087577 -0.441043 -0.658992 0.089007 -0.198327 0.282835 -0.471256
0.462434 -0.127519 0.229654 0.458785 -0.241748 -0.234128 0.344700 -0.524017
-0.629886 -0.202914 0.067594 0.402159 -0.099804 0.142799 -0.530111 0.290513
0.520150 0.478099 -0.200652 0.323758 -0.465681 0.093498 -0.150121 -0.328100
-0.028136 0.301610 -0.610310 0.516965 -0.037359 0.045670 0.235960 0.457549
-0.253394 -0.516134 0.333152 0.201414 -0.383549 -0.149812 -0.537383 -0.243941
-0.302952 0.359993 -0.316323 -0.228731 -0.065591 -0.471647 0.329719 -0.539240
-0.859246 0.242770 0.280292 0.125817 0.038503 0.099382 0.004961 0.311420
-0.615187 -0.033542 0.491595 0.363164 -0.125753 0.066533 -0.244325 -0.408573
0.128776 -0.180114 -0.206750 0.636587 0.443042 -0.142529 0.421990 0.329108
-0.228377 0.265746 -0.658280 -0.295697 -0.295141 0.083993 -0.338348 0.384463
0.070224 -0.406024 0.063364 -0.651101 0.204740 -0.560171 0.152079 -0.153066
0.112107 -0.562173 -0.362795 -0.649654 -0.004300 0.102076 -0.261841 -0.196787
-0.487275 0.036184 -0.325205 -0.022214 0.114667 0.137356 -0.779344 -0.124957
-0.189708 -0.289276 0.247608 0.322786 0.282484 0.766052 -0.176516 -0.130533
0.231569 0.292094 0.419178 0.804912 -0.063062 0.145021 -0.038394 0.104802
-0.790768 0.072367 -0.207885 -0.542267 -0.069991 -0.005418 -0.149330 0.070375
-0.072233 0.820685 -0.331153 0.206428 -0.325923 -0.142903 -0.157935 -0.131885
-0.182453 0.063900 -0.417436 -0.203783 0.716808 0.119444 -0.357093 0.302080
-0.595386 -0.383582 -0.486057 0.148805 -0.076736 -0.389061 0.146942 -0.247264
-0.201904 -0.603417 -0.160799 -0.115098 0.476139 0.188415 -0.518176 -0.159077
-0.106328 -0.365129 -0.711879 0.431782 0.088873 0.105808 0.351411 -0.139947
0.543770 -0.365909 -0.426609 -0.298269 -0.194669 -0.266236 0.184065 0.395991
0.011424 -0.079788 0.100081 -0.490038 -0.484558 -0.468328 0.310577 -0.439049
0.468592 -0.353583 -0.321215 -0.032700 0.107185 -0.014574 0.496001 -0.541697
-0.840883 0.009282 -0.110550 0.097749 -0.288688 0.343998 -0.151432 -0.215517
0.174008 0.149171 -0.572651 0.181124 0.064092 0.348280 -0.314938 0.601783
-0.239409 -0.745970 0.296240 -0.347191 0.219358 -0.239579 0.064633 0.261189
-0.377874 -0.418896 0.451690 0.158860 0.512844 -0.023234 -0.417384 0.121331
0.010025 -0.399163 0.287715 -0.642478 0.420311 0.127833 -0.058565 -0.385460
0.807113 0.290262 -0.060630 0.112223 -0.033361 0.108453 0.356683 -0.328557
0.205266 0.090098 0.592346 -0.117167 0.431509 0.363571 -0.264804 -0.443444
-0.046356 0.419614 -0.518871 0.198843 -0.188346 0.422582 -0.516468 -0.179502
0.626413 0.334983 0.053785 -0.664671 -0.222340 0.022314 -0.011973 -0.025252
-0.446669 -0.006096 -0.370766 0.420376 0.083828 -0.537929 0.057005 0.432000
-0.114066 0.505875 -0.024540 0.308446 -0.323005 -0.009202 0.126901 -0.717509
0.743875 -0.487466 0.354434 0.193235 -0.096801 0.038683 -0.162088 -0.094473
-0.525942 -0.108593 0.270971 0.561597 0.364186 -0.240848 -0.023059 0.362776
-0.569911 -0.541509 0.075993 0.477481 0.222198 0.201979 -0.001465 -0.240911
0.045601 -0.281584 -0.512246 -0.256799 -0.221817 -0.482374 0.545425 -0.104472
-0.340765 -0.520979 -0.415168 -0.380598 -0.179352 -0.382410 -0.031665 0.340343
-0.635799 -0.008906 0.593672 0.138249 0.384006 -0.054734 0.211779 -0.169750
0.218081 -0.053559 0.395005 0.266362 0.188835 -0.075017 -0.770275 0.296625
0.657769 -0.227811 -0.046090 -0.596901 0.152160 -0.148140 -0.053911 -0.330188
-0.342515 0.122981 -0.164839 0.454938 -0.428683 -0.028374 -0.538373 -0.398748
-0.045061 0.748856 0.426059 0.145109 -0.214315 -0.177363 0.233247 0.320639
-0.402828 0.249621 0.035250 -0.750189 0.181827 -0.315154 0.135504 -0.246271
-0.361072 0.531210 0.396316 0.508932 0.010888 -0.051422 -0.330609 0.243518
-0.290691 0.274260 0.623655 -0.103097 0.391402 -0.249686 -0.040988 0.472745
-0.178501 0.068541 0.273075 0.329749 -0.522270 0.631122 -0.071891 -0.322318
0.145885 -0.195034 0.474809 -0.711477 -0.077194 -0.031162 0.448243 0.034429
0.111318 -0.499324 0.090735 -0.227089 -0.213277 -0.369148 0.625687 0.324409
0.303717 -0.114867 -0.048031 0.126041 -0.536698 -0.681729 0.349801 -0.034778
0.039662 0.200097 -0.090681 0.210787 0.580944 0.596829 0.111173 0.446851
-0.274111 -0.300722 -0.256091 -0.118568 0.186528 0.000585 0.848525 -0.001143
0.136786 -0.377096 0.373201 0.007210 0.044076 -0.820668 0.148689 0.047032
-0.275733 -0.170884 -0.468541 0.422228 0.467896 0.060141 -0.088820 0.516267
0.258256 0.107368 -0.591935 0.267681 -0.043504 0.337073 0.171147 -0.595764
-0.206819 0.226446 -0.413447 -0.110113 0.141329 0.530664 0.644049 -0.080675
-0.107912 -0.120620 0.787015 -0.351275 0.158261 0.057273 -0.449535 0.024757
0.001946 -0.357373 0.794295 -0.116617 0.378386 -0.256297 0.133492 -0.033063
0.197038 0.384197 0.362544 -0.559684 0.262255 -0.204604 -0.506376 0.042758
0.189339 0.113892 -0.630792 -0.292619 -0.149423 0.084437 0.347648 0.563330
-0.502545 0.316546 -0.011064 0.559411 -0.111659 -0.168864 0.442292 0.312380
0.032237 -0.031606 -0.015759 -0.816780 -0.312246 0.230831 0.071317 -0.417995
-0.294082 -0.104103 0.042419 -0.173693 -0.539288 0.296342 -0.674937 -0.191103
0.331065 0.398049 0.157880 0.206564 0.682642 0.411001 0.097378 -0.141265
0.853688 -0.277592 -0.141804 -0.043871 0.358477 0.123991 0.158937 0.054653
-0.045872 0.677292 0.197070 -0.184340 -0.031846 -0.018588 -0.369066 0.573398
-0.141155 -0.481344 0.113476 -0.141701 -0.104016 0.517461 -0.370532 -0.547311
0.428664 -0.593333 -0.309968 0.064577 0.065153 -0.122464 -0.557536 -0.184022
-0.733865 -0.150101 -0.305918 0.009964 -0.191975 -0.053476 0.183119 0.521519
-0.153197 0.350609 0.043112 -0.719314 -0.287226 0.087654 -0.474961 0.136249
0.193779 0.337506 -0.733975 -0.148172 -0.271587 -0.165350 -0.280929 -0.328397
0.559168 0.079424 0.476160 0.169318 -0.291477 -0.469001 0.118822 0.326477
0.402728 0.115680 0.130947 0.679573 0.325559 0.097010 0.270528 -0.396080
0.041178 -0.224955 0.013608 -0.189710 -0.384076 -0.672324 -0.001237 0.558561
-0.538782 -0.097095 0.313867 -0.475622 -0.251821 -0.229130 0.171219 0.479925
-0.358469 0.120209 -0.176998 0.394656 0.289028 0.447954 0.336388 -0.522123
0.217775 0.424521 0.000079 0.058826 -0.774128 -0.286353 0.145017 0.258060
0.177499 -0.386583 -0.817882 -0.066816 0.021070 -0.204558 -0.094863 -0.307193
-0.371539 0.706719 -0.336089 0.303418 0.341802 -0.109281 -0.006836 0.169327
0.329549 0.234732 0.439056 -0.069070 -0.050280 -0.116803 -0.663674 -0.426760
-0.023973 -0.361330 -0.132341 0.146324 -0.138308 -0.094571 0.316563 0.837650
0.394152 -0.354978 0.231193 0.159688 -0.150059 -0.628088 -0.278381 -0.381022
-0.085778 -0.103942 -0.224935 -0.618785 0.158572 0.295656 -0.579186 0.316755
0.363661 -0.038509 0.352397 0.472278 0.503443 0.139115 0.205914 0.451476
0.043502 -0.117633 0.146120 0.471881 -0.087598 -0.565716 0.429138 0.477892
0.123583 -0.370060 0.050717 -0.442092 -0.275025 -0.257567 -0.371757 -0.607934
0.081423 -0.299175 0.270037 0.250342 -0.436333 0.304349 -0.280615 0.637585
0.058711 -0.284450 -0.348862 0.512298 0.123166 -0.404645 0.114442 -0.582653
-0.198970 0.117790 -0.622098 0.493654 -0.429076 -0.154006 0.121371 -0.305423
-0.785292 0.237944 0.144783 -0.120606 -0.254131 -0.353242 0.242651 -0.207242
-0.428203 0.412809 0.010705 -0.404534 -0.355860 -0.048746 -0.254531 -0.537281
0.547929 0.132869 0.367423 -0.297686 -0.188180 -0.056027 -0.488204 0.426158
-0.195947 0.411406 -0.035430 -0.168846 -0.805681 0.174337 -0.267072 0.108367
0.204153 -0.306996 0.391793 0.268900 0.371307 -0.185848 -0.530511 -0.429438
-0.575436 0.053364 0.041059 -0.209094 -0.344318 0.304774 -0.348654 0.536301
-0.280283 0.282622 0.726233 -0.285380 -0.274861 0.050483 0.388071 0.063361
-0.113509 -0.225368 0.236479 0.822126 0.046840 -0.316971 0.302757 -0.100925
-0.276096 0.789379 0.229108 0.031396 0.328606 0.290621 0.069352 0.223440
0.451258 0.020256 0.112064 -0.064090 0.566191 -0.659700 -0.067884 -0.137498
0.286292 -0.355174 -0.267119 0.435835 -0.072503 -0.267395 0.673033 -0.029236
-0.008317 -0.214997 -0.267086 -0.494995 0.321067 -0.360971 0.336206 0.539385
-0.021670 -0.178140 0.390347 -0.202166 -0.130110 0.566275 -0.622552 0.222235
-0.448639 0.268196 -0.414264 -0.371842 -0.127288 -0.546233 0.145831 0.284736
0.313759 -0.436910 -0.185457 0.420388 0.239259 0.541791 -0.081977 0.376886
0.080261 -0.256002 0.201391 0.101557 0.495086 -0.448264 -0.015210 0.656405
0.400969 0.187950 0.159714 -0.074804 -0.045123 0.604877 -0.228030 0.594042
0.435729 0.759165 0.102937 -0.309364 0.255908 0.177665 0.021006 0.173242
0.449406 -0.201493 0.128863 0.154910 -0.446809 -0.088960 -0.699397 -0.141859
-0.841785 -0.485473 0.155331 -0.060198 -0.119594 -0.081528 0.082597 -0.013894
-0.365207 0.472089 -0.148164 0.696307 -0.004686 0.195317 -0.170506 -0.264042
0.112786 -0.582645 -0.301983 -0.041597 -0.420121 -0.287821 0.128145 -0.528315
-0.174131 0.533976 -0.393511 -0.575764 -0.421597 -0.074276 0.097483 -0.073691
-0.491005 -0.711393 -0.288545 0.099323 0.108501 0.170771 -0.156387 0.307117
0.462111 0.456267 -0.340946 -0.238695 -0.361584 0.242914 -0.314052 0.341580
0.624275 -0.049217 -0.434466 0.130994 -0.129104 0.444182 -0.422461 -0.097471
-0.440225 -0.220415 -0.389041 0.054334 -0.730319 0.119485 -0.197773 0.128685
-0.608100 0.054882 -0.143167 0.371757 0.453879 0.391630 -0.320315 0.080758
0.096907 0.649500 0.320018 -0.032026 0.147108 0.179635 0.528173 -0.363932
-0.028550 -0.309360 0.121512 -0.245748 0.042373 -0.124387 -0.900469 -0.014571
0.271536 -0.055874 0.584312 -0.184486 -0.460386 0.410675 0.353905 -0.204536
-0.708571 0.170154 -0.232352 -0.121506 0.367403 -0.305764 0.410515 0.056795
-0.040074 0.242800 -0.022909 -0.469203 0.383821 0.076840 -0.005735 -0.752005
0.886640 0.040434 -0.131180 0.011626 -0.346590 -0.212736 -0.110213 0.131775
-0.382632 -0.424957 -0.129147 -0.607340 -0.390212 0.236607 -0.200027 0.198002
0.192315 0.450831 -0.005899 0.472455 -0.087829 0.604902 0.236475 -0.327076
0.548385 0.004480 0.490492 0.019281 0.414049 0.123606 0.497488 -0.155215
0.170788 -0.383000 -0.535576 -0.306923 -0.077396 0.476062 0.425843 -0.170685
0.587014 -0.064742 0.726237 -0.286906 0.038298 -0.105694 -0.036898 -0.165802
-0.425255 -0.576633 0.066218 0.379163 -0.167242 -0.418695 -0.126334 0.345353
-0.074499 0.554834 -0.150359 0.004719 0.207225 -0.139005 -0.547843 -0.549166
0.227235 0.133504 -0.387670 0.697197 -0.324408 0.429877 -0.063461 -0.010380
0.536438 -0.446824 0.296080 -0.281150 0.277178 -0.306737 0.139002 0.394511
-0.228164 0.072235 -0.490289 -0.508271 -0.225063 0.341808 -0.415610 -0.322156
0.149214 -0.059929 0.007333 0.690754 -0.211188 0.242940 0.299614 0.550964
0.391314 -0.406385 0.149314 0.104768 -0.247681 0.752928 -0.131228 0.054659
-0.191433 -0.299080 -0.593434 0.177071 0.591629 -0.194592 -0.280814 -0.153758
0.608260 -0.019029 0.233994 0.494253 -0.501111 0.263005 0.099801 -0.019371
0.471945 0.278935 -0.066977 -0.426565 0.503480 0.248434 -0.334495 -0.293127
0.694851 0.273843 -0.081841 0.499246 0.142143 0.325395 0.039737 0.242041
-0.294157 -0.099782 0.254085 -0.476635 0.532992 -0.243286 0.477700 0.200774
0.121547 0.098708 -0.713358 -0.614365 0.082484 -0.236482 -0.092265 0.133865
-0.221311 0.128661 0.601191 0.381261 0.108354 0.078425 0.413683 0.488522
-0.313845 -0.540345 0.261961 -0.202282 -0.176789 -0.094642 -0.508211 0.448885
0.153164 0.246763 -0.174800 0.178198 -0.107781 0.785377 0.302284 0.365418
-0.472508 0.464085 -0.051000 -0.497508 0.362716 -0.046389 0.026303 0.420524
-0.423225 -0.563371 0.303688 -0.147911 0.453680 0.265834 0.298627 -0.154013
0.545121 -0.354622 0.202674 -0.473774 -0.428410 -0.354140 -0.019446 0.047111
-0.022468 -0.163081 0.560718 -0.386581 0.080200 0.696102 0.062240 -0.119113
0.197954 0.482735 0.524695 -0.438545 -0.285439 0.400122 -0.096238 0.096545
0.007992 0.249174 0.482617 -0.282950 -0.527637 -0.143889 -0.093453 0.563054
0.368415 0.329334 -0.000225 0.182039 0.216420 0.323758 -0.238859 -0.716912
-0.376714 -0.248397 -0.727436 0.327266 -0.126403 -0.111006 -0.347139 0.106375
0.483340 0.362591 0.462939 -0.244410 -0.219541 -0.091426 0.551566 -0.008958
-0.332807 0.375088 -0.310361 0.397758 0.026283 -0.619978 -0.142541 -0.297714
-0.053997 0.380375 -0.706269 0.264602 0.144367 -0.207057 -0.446616 0.142794
0.015883 -0.346752 -0.401768 -0.063589 -0.216143 0.339938 -0.704327 0.236006
-0.125534 -0.158399 0.183243 -0.258640 0.777116 0.473309 -0.171761 -0.035304
-0.086218 0.069996 0.340483 0.466256 -0.139445 -0.561034 -0.547399 -0.143161
0.030505 -0.627955 0.283836 0.305041 0.290062 -0.062660 0.518039 0.273318
-0.449209 -0.227343 0.064210 -0.197133 0.237142 -0.719430 0.062584 0.354700
-0.278360 0.089055 -0.044995 -0.522046 -0.023612 -0.338238 -0.385866 0.613331
-0.473788 0.417082 0.045614 -0.149038 0.518095 0.206823 0.369503 -0.359924
0.023056 0.013690 0.327129 -0.022370 0.821223 -0.036148 0.177580 -0.429557
0.153085 0.446741 0.778524 -0.072638 -0.100989 -0.353294 -0.168316 0.047610
-0.513170 -0.292022 0.013629 -0.209441 -0.560088 -0.053935 -0.076817 -0.533687
0.539805 0.182511 -0.128523 0.437003 0.291373 -0.370763 -0.347546 0.353072
0.630624 -0.014831 -0.198430 0.275316 0.533442 -0.012317 -0.326328 -0.309387
-0.330207 0.222128 0.026173 0.402489 0.099255 0.250975 -0.063591 0.775924
0.373345 -0.209183 -0.476567 -0.176614 0.550478 -0.415637 -0.214392 0.191842
0.302601 0.105252 0.738390 -0.318842 0.088963 0.172257 0.157460 0.433698
-0.102719 -0.496415 0.091491 0.089288 -0.017880 0.708840 0.467121 0.075522
0.027995 -0.585617 -0.179646 -0.085641 0.617519 0.090594 0.112870 0.463017
-0.428572 0.020797 -0.173849 0.598249 0.543101 -0.187368 0.109554 -0.292748
0.321982 0.332463 -0.065406 0.511098 0.037472 0.034253 -0.700237 -0.165493
-0.063551 -0.151218 0.430678 -0.364438 -0.533867 0.484587 0.014962 0.367063
-0.291853 0.032452 -0.344470 0.443681 -0.364859 0.437715 0.511982 -0.106840
0.147484 0.346564 -0.163506 -0.653310 -0.029283 -0.359879 -0.289993 -0.436036
0.117033 0.367070 0.116828 -0.317174 0.520076 0.242790 0.598465 0.223002
-0.354519 0.442803 0.349058 0.541521 0.168451 -0.316803 0.219355 -0.293768
0.052514 -0.036979 0.399977 -0.553219 -0.661519 -0.070706 -0.284181 -0.080483
0.271942 0.716594 0.196516 -0.261279 -0.406255 -0.196936 -0.309739 -0.076759
0.539526 0.154239 -0.183365 0.174408 -0.307011 -0.147520 0.586415 0.401476
-0.639119 0.306384 -0.533424 -0.024380 -0.292427 -0.233942 -0.189291 -0.190912
-0.442237 -0.187562 0.091249 -0.157801 0.410505 -0.315309 0.426257 -0.535156
0.255673 0.353284 0.040709 -0.171881 -0.048760 0.372635 -0.796962 0.047318
-0.297968 -0.191153 -0.718978 -0.320140 -0.396548 -0.011775 0.105946 -0.294354
-0.178527 -0.138092 -0.223412 0.210209 -0.407158 -0.196475 0.625741 -0.508947
0.188697 -0.261520 -0.097925 -0.004125 0.602879 0.447333 0.565128 0.058786
0.099407 -0.471565 -0.243148 -0.079719 0.403390 -0.115456 -0.154814 -0.708696
-0.400832 0.095677 0.242720 0.347276 -0.531986 -0.166003 -0.011482 0.583069
0.668261 -0.275937 -0.399094 0.272889 0.094046 -0.469569 0.026692 -0.116151
0.003174 -0.526484 0.120187 -0.071861 0.738163 -0.368330 -0.080356 -0.127235
0.202730 0.328330 0.301023 0.056541 0.006097 0.826716 -0.228383 -0.147087
-0.207835 0.093220 -0.081617 0.029694 0.539565 -0.498290 -0.207004 -0.598581
-0.653238 -0.239628 0.118378 -0.169594 0.409249 0.008184 -0.086134 0.545998
-0.401721 -0.137122 0.068521 -0.147314 0.126349 0.781454 -0.024233 0.407677
-0.138234 -0.036266 -0.701285 -0.330035 0.347523 0.346965 0.014897 -0.370774
-0.593671 -0.131837 0.565418 -0.055872 -0.057894 -0.447718 -0.291012 0.137350
-0.264066 -0.213345 -0.311960 0.883146 -0.017217 0.019675 -0.055807 0.060778
0.266849 -0.699507 0.387149 -0.315943 0.139293 -0.140526 -0.367599 -0.124492
0.426026 0.452705 0.537509 0.128667 -0.219215 0.166587 0.058541 -0.478389
0.349565 0.313294 -0.337053 -0.398660 -0.409989 -0.396452 0.421511 0.064663
-0.210201 0.206746 0.130164 -0.415138 -0.176785 -0.066812 0.762458 -0.326697
-0.239032 -0.130798 -0.580314 -0.340350 0.007147 -0.343447 -0.595403 0.025365
-0.291892 -0.444778 0.176609 -0.170103 -0.434122 0.145268 0.651544 -0.150902
0.467641 0.242421 0.274886 -0.411673 -0.086339 -0.677784 0.033050 -0.097827
0.116264 0.151564 -0.433308 -0.301178 -0.429060 0.174954 0.541656 -0.420662
-0.500785 -0.058237 0.313138 -0.405327 0.601447 -0.262574 -0.205636 -0.102512
0.264219 0.132798 0.064722 -0.532768 -0.676194 0.179367 0.314332 0.190550
0.000124 -0.249066 0.251720 0.494565 -0.533716 -0.000428 0.584533 0.058979
-0.067199 0.561795 -0.321323 0.279354 -0.248073 -0.514501 0.378656 0.170155
0.498639 0.516804 0.251532 -0.124914 0.370655 -0.228961 -0.040154 -0.462580
0.107830 -0.071298 0.428126 -0.391909 0.320443 -0.434036 -0.266548 -0.533187
-0.042143 -0.096184 0.656616 -0.174463 0.155154 0.149499 0.431953 -0.542573
-0.282773 0.018144 -0.013386 0.103628 0.490146 -0.070641 0.436571 0.687726
0.016385 0.110752 0.167026 0.028119 -0.682565 -0.075052 -0.366307 -0.594196
-0.504502 0.364907 -0.028979 0.297745 -0.013504 0.714234 0.090762 0.065419
0.391418 -0.150336 -0.368388 -0.342490 -0.143036 -0.705460 -0.109686 -0.202531
0.725231 -0.187647 0.262222 -0.288241 -0.262632 0.297365 0.199953 0.299337
-0.190253 -0.241540 -0.388234 0.156099 -0.329687 -0.143874 -0.308374 0.711255
0.119805 -0.034567 0.638654 0.535313 -0.247745 -0.027134 -0.236199 -0.414862
-0.247306 0.410388 0.463435 0.134779 -0.327459 0.494862 -0.226144 0.366369
0.366750 0.691340 -0.245487 -0.313456 -0.068598 -0.039660 0.237082 -0.408094
0.073263 0.555713 0.298339 -0.630235 0.026958 -0.246766 0.242978 0.280992
0.544138 -0.212705 0.193344 0.312353 -0.020854 0.389533 0.600393 0.105278
-0.172064 0.296828 -0.267526 -0.000136 -0.679403 -0.510801 0.059322 -0.291019
0.117291 -0.616216 -0.138872 -0.592237 -0.378626 -0.002780 0.303966 -0.027018
-0.469627 -0.199019 -0.328064 -0.449920 0.120381 -0.164875 -0.233537 -0.577558
0.050806 0.482085 0.308974 0.052787 -0.274674 -0.523029 0.456052 -0.331321
0.330967 -0.721274 0.082877 0.301152 -0.376729 -0.304460 0.193054 0.027809
-0.449885 0.022336 0.232746 -0.107093 -0.021135 -0.278774 -0.643453 -0.489155
0.039695 -0.250507 0.060559 0.684798 0.134286 -0.067172 -0.282038 0.600804
0.456509 -0.482419 -0.042093 0.252560 0.530851 -0.082207 -0.367326 0.264244
0.500107 -0.282082 0.111116 -0.088386 -0.503214 0.001018 0.605003 -0.175817
0.178040 -0.825309 -0.046153 0.043846 -0.069633 -0.069758 -0.209758 0.478959
0.113216 -0.254775 -0.471381 -0.003095 -0.582680 0.266897 -0.363199 -0.396736
0.192696 -0.652373 -0.462193 0.054608 0.044193 0.499355 -0.190025 -0.182363
0.437243 -0.051442 -0.229291 -0.515452 -0.245776 -0.021000 -0.636416 -0.148445
-0.214444 0.276940 0.219437 -0.058552 -0.440811 0.578280 0.542718 -0.049724
0.051268 -0.255443 -0.132961 0.571646 0.442123 -0.584290 -0.214124 0.070337
0.213028 0.302893 -0.227981 0.024764 0.068479 -0.240096 0.851220 -0.152897
-0.269552 -0.587510 0.163578 0.027941 -0.614974 0.007482 0.147982 0.393051
-0.121498 -0.253065 -0.529266 0.108011 0.146405 0.400501 0.461769 0.484090
0.149725 -0.477113 -0.241689 0.349950 -0.469877 0.467189 0.316302 -0.173124
0.224137 0.085312 -0.668677 -0.213689 0.300932 0.181481 -0.553372 -0.141343
0.313977 -0.358176 -0.591150 0.491871 -0.056568 -0.137114 -0.028442 0.398655
-0.724563 0.068763 0.148774 -0.331045 0.048998 0.345033 0.462942 0.052839
0.380169 0.442390 0.464295 0.155710 0.064671 0.509142 0.355253 0.174171
-0.507644 0.208186 0.045259 0.319784 -0.724414 0.021300 0.220863 -0.143660
0.303304 -0.389106 -0.130038 -0.674068 0.294112 0.214964 0.241018 0.307449
-0.054745 0.581596 0.094511 -0.330314 0.706822 -0.134804 -0.119881 -0.092574
-0.212107 -0.398654 -0.212342 0.044603 0.364584 -0.298639 -0.556926 0.465548
-0.164753 0.293941 -0.635912 0.348364 0.265734 0.538294 -0.010168 0.015379
0.623786 -0.440253 -0.121526 -0.261268 0.006608 0.272372 -0.361443 0.359400
-0.099996 0.014314 -0.301720 0.057963 -0.002148 -0.836531 -0.372927 0.237782
-0.256168 0.148872 -0.168181 0.072205 0.730053 -0.541010 -0.135636 0.186151
-0.320679 0.405057 0.433802 -0.117344 0.105793 -0.248063 0.097041 -0.670073
0.019837 0.554151 0.201610 -0.251212 -0.639931 0.071396 0.244751 -0.338021
0.213032 -0.485899 -0.382197 -0.063453 -0.566521 -0.377109 -0.316748 0.070235
0.383366 -0.098672 -0.719630 0.256565 0.455954 0.223210 -0.037008 0.022721
0.053460 0.740939 -0.362426 -0.227830 -0.062132 -0.179323 0.074744 0.472536
0.093273 -0.456014 0.438748 0.164909 -0.696554 0.172578 -0.031191 -0.218436
-0.051651 -0.491834 0.720541 0.096559 0.061530 0.302927 -0.215302 -0.291589
-0.270542 -0.152977 0.739347 0.385557 -0.160501 0.071990 -0.327910 0.263913
0.487158 -0.079317 0.382128 0.498625 0.341183 0.388282 -0.296326 -0.082222
-0.261750 0.337084 0.610501 0.138940 0.395194 -0.204229 -0.416387 -0.233627
-0.597831 -0.137352 0.031243 0.300522 0.373616 0.396742 0.429005 0.226728
0.132631 0.282010 0.200896 0.510799 0.667417 -0.264650 -0.205970 -0.209040
-0.204696 0.141984 0.658696 -0.179712 -0.364094 0.333423 -0.292050 -0.377805
-0.530091 -0.361424 -0.147297 -0.550050 -0.091966 -0.279782 0.394271 -0.148122
-0.059859 -0.221172 0.613595 0.482112 0.463479 0.241170 0.240908 -0.086938
0.410490 0.076731 -0.528979 0.301748 0.063530 0.320078 0.589649 0.023831
0.201542 0.559903 0.508390 0.122939 0.517854 -0.168189 0.240114 0.134912
-0.142380 -0.123045 0.015828 -0.598856 0.326176 0.314845 0.560840 -0.292660
-0.186413 -0.623012 0.190768 -0.272662 -0.452703 -0.504655 -0.071509 -0.040487
0.031182 0.442199 0.052336 0.606375 0.259850 -0.449729 0.086892 0.394628
0.661305 -0.499794 -0.205142 -0.134748 -0.406137 0.174286 -0.004930 -0.239366
-0.245053 0.369748 0.365234 -0.227155 0.053760 0.446465 0.310079 0.565573
0.119325 0.427392 -0.580288 -0.263893 0.481825 0.237841 0.122486 0.304957
0.148649 -0.573878 -0.270046 0.468434 -0.476557 0.167111 -0.271223 0.166189
0.137379 -0.403010 0.165862 -0.542969 -0.228815 0.027708 0.052819 0.663680
-0.432894 -0.490642 0.205842 0.133646 -0.387647 0.569893 -0.174813 0.077678
0.068921 -0.167663 -0.389541 0.448987 0.320242 0.194199 -0.678955 0.112076
0.234915 -0.669690 0.512652 -0.119963 -0.187666 0.232862 0.275051 0.232446
-0.148260 0.308079 0.641660 -0.449346 0.455995 0.131287 0.184776 -0.100789
0.681066 0.011329 -0.612875 -0.337355 -0.026909 0.122305 0.060713 -0.165012
-0.648719 -0.355831 0.223738 -0.266027 0.098927 0.301530 -0.479168 -0.037551
-0.594191 -0.427662 -0.367600 -0.057058 -0.211526 0.401957 0.332375 -0.094189
-0.534671 0.599192 0.025191 -0.185023 -0.419388 0.015181 0.186905 0.330421
0.320903 -0.048562 -0.079621 -0.562138 -0.160842 0.694317 -0.253366 -0.013604
0.277598 -0.160317 -0.513190 -0.513051 -0.534613 0.205870 -0.100079 0.180124
0.512965 0.108903 0.406528 0.005573 -0.618741 -0.309489 -0.025668 -0.283599
0.423867 -0.769599 -0.189974 -0.184766 0.180749 -0.318077 0.095657 -0.121794
0.081135 -0.118019 -0.201796 -0.527299 0.477373 -0.281908 -0.517810 -0.291957
-0.034803 -0.097732 0.354048 0.009807 -0.040361 0.044857 -0.189599 -0.907856
0.151523 0.269885 -0.199747 -0.150821 0.230871 -0.234029 -0.768855 0.377291
-0.201425 -0.057089 0.318043 0.791291 0.269526 0.085976 -0.371607 -0.103679
-0.065525 0.127011 0.019649 -0.380640 -0.069781 -0.724105 0.537689 0.126480
0.301739 0.228997 -0.201653 0.322733 -0.304779 -0.335792 -0.076591 0.707235
-0.578200 0.488157 0.146753 0.085600 0.148184 -0.551505 -0.013601 0.268744
0.281049 -0.710161 0.231988 0.143560 0.468347 0.304196 0.030979 -0.171497
0.098665 -0.204509 -0.256441 -0.089266 -0.459156 0.260550 0.713882 0.293893
0.136257 0.486963 -0.560167 0.090085 -0.539592 0.213470 0.263389 0.127662
0.384165 -0.107378 0.048496 -0.076040 0.305334 -0.092924 0.734195 0.438004
0.239407 -0.430607 -0.134739 -0.537282 0.034662 -0.418532 -0.396071 0.342335
0.550467 0.141768 -0.276756 -0.533257 0.238523 0.031803 -0.276006 0.426437
0.409493 0.017093 0.314297 -0.615196 0.570368 -0.101972 0.129190 0.048656
0.307587 -0.084546 0.068964 0.408380 -0.266836 0.490491 -0.467574 -0.443063
0.029470 0.264369 0.619119 0.263224 -0.678128 0.061069 0.095617 0.062583
-0.000116 0.790425 -0.057026 -0.079239 -0.278916 0.535499 -0.000554 0.033825
0.360865 -0.146876 -0.304508 -0.331296 0.045417 0.440661 -0.138465 -0.655977
0.228967 -0.376414 0.650479 -0.038844 -0.361303 -0.249354 -0.358137 0.245513
0.265568 -0.158346 -0.134538 0.508984 -0.691282 -0.167308 -0.100493 -0.333577
-0.503642 -0.036567 0.313573 0.686670 -0.208207 0.328001 0.124804 0.093035
0.800238 0.235938 0.280822 -0.026571 0.297822 -0.086426 0.034348 0.356425
-0.062479 0.232724 -0.344040 0.142931 0.765840 0.224990 -0.128547 -0.386637
-0.176036 -0.076587 -0.316816 -0.554964 -0.584603 -0.362051 -0.266848 -0.103635
-0.000785 0.372239 0.159874 0.681605 -0.471153 -0.336299 0.087719 -0.168870
-0.771085 -0.199169 -0.160430 0.018363 0.305086 -0.364003 -0.335475 -0.039594
-0.117337 -0.026577 0.358633 0.289128 0.623339 -0.479830 0.378032 0.107783
0.219985 -0.319961 -0.272534 0.335821 0.677728 -0.045918 0.293936 -0.338172
-0.401278 -0.398937 -0.265218 -0.608876 0.430097 -0.112071 -0.151434 0.135204
-0.215280 0.434052 0.159407 0.637739 0.420459 0.240308 0.280384 0.141363
0.571286 -0.135170 -0.390617 0.134825 -0.351647 0.387939 0.106821 0.446139
-0.393286 -0.167497 0.563674 -0.372894 -0.022141 -0.444283 0.350359 -0.199664
-0.484462 0.375005 -0.395399 0.395381 -0.398014 0.213738 -0.151066 0.291688
0.436279 -0.333106 0.167366 -0.150525 0.287121 0.401806 -0.601066 -0.207040
0.002392 0.104554 -0.388281 -0.150754 -0.195143 -0.114706 -0.075986 -0.870955
0.121217 -0.563252 0.302011 0.681531 -0.136271 0.296663 0.061646 0.044513
0.044291 -0.181877 0.570172 -0.203173 -0.591829 -0.345529 0.339261 0.117623
-0.218475 0.557646 0.105669 -0.656653 -0.015260 0.337160 0.270763 -0.108255
-0.186652 0.233451 0.150072 0.016031 -0.515899 -0.265850 0.710507 0.215027
-0.395957 0.417525 -0.033095 -0.347324 0.107327 -0.504664 -0.528729 -0.037469
-0.536409 0.142552 -0.259804 -0.282653 -0.145909 0.266431 0.342882 -0.578543
0.073634 0.287350 0.538347 -0.653841 -0.129492 -0.127266 0.010582 -0.402003
0.279150 0.248229 0.493614 0.331177 -0.058021 0.016077 -0.102099 0.702194
0.266753 0.445704 -0.081108 -0.316240 -0.332649 0.364230 -0.354323 -0.504719
0.046814 -0.498892 -0.258724 -0.192553 -0.369332 0.537140 0.016188 0.468737
0.232612 -0.123692 -0.029827 0.124564 -0.496363 0.300969 0.191182 -0.735308
0.659842 -0.042274 -0.155466 0.075609 -0.144598 -0.176920 -0.254826 -0.644818
0.498403 0.136254 -0.086329 0.031686 0.528704 0.350803 -0.463745 0.326992
-0.176837 0.328752 0.399826 0.429205 0.335543 0.345955 -0.048804 -0.530960
-0.117714 0.679601 -0.370517 -0.035610 0.176400 0.264428 0.057653 -0.530446
-0.427603 -0.207895 0.302107 0.320691 0.260944 -0.665215 -0.071647 -0.253157
-0.369922 0.212201 -0.085699 0.448230 0.349907 -0.291887 -0.633360 0.033133
-0.074736 0.173804 0.005121 0.319054 0.026365 0.258749 0.835094 0.312021
-0.735160 0.451497 0.015129 0.111532 0.300324 -0.101999 -0.178931 -0.332278
-0.179743 -0.031951 0.466015 -0.238231 0.065324 0.177026 -0.282087 0.759981
-0.073796 0.326950 0.889568 0.186035 0.084961 0.216316 0.046074 -0.074729
0.053217 0.087543 0.056726 -0.004266 0.694749 -0.009309 -0.692692 -0.153893
-0.119360 -0.645906 -0.148652 -0.057138 0.124271 -0.613700 -0.362471 -0.140503
0.378048 0.252787 -0.309853 -0.198745 0.510566 0.248421 0.430382 -0.387366
0.109908 -0.500002 -0.696055 -0.223402 0.143339 0.084302 -0.197879 0.369741
-0.687322 0.027847 0.018055 0.544260 -0.271838 -0.371798 -0.130796 -0.032141
-0.509087 -0.086374 0.181953 0.107598 -0.401267 0.354141 0.434891 0.461655
0.283828 0.476806 -0.458965 0.519006 0.187109 -0.138782 -0.054871 -0.393450
0.469819 0.236820 0.258140 -0.512160 0.177250 0.448476 0.267526 -0.300209
-0.199447 0.078587 0.353008 0.271927 0.048769 0.354565 -0.756427 -0.234969
-0.071319 0.713343 0.370465 -0.228423 0.136347 0.230423 -0.300938 -0.366588
0.372077 0.568572 0.480129 0.163669 0.237343 0.169313 -0.418311 0.144885
-0.348790 -0.354406 -0.141124 -0.539313 0.119462 0.611027 -0.003401 -0.233095
-0.075101 -0.304854 -0.041174 -0.324749 -0.617223 0.566921 0.095574 -0.287697
-0.047475 0.245184 -0.298452 0.703549 0.039006 -0.105058 0.533569 -0.237324
-0.195174 0.222946 0.493035 -0.086481 -0.343527 -0.094211 -0.711543 0.168702
-0.235174 -0.140217 -0.319082 -0.348726 0.094861 0.202305 -0.048976 0.805783
0.471420 0.561690 -0.391899 0.077965 0.172791 0.488626 -0.159643 -0.092245
-0.304921 -0.249049 -0.325819 0.442231 -0.223008 0.524529 -0.023173 0.466768
-0.608291 -0.037757 0.382669 -0.460052 0.041188 0.158627 0.007061 -0.493524
-0.057749 0.550374 -0.139795 0.167307 0.512743 -0.368687 0.323309 -0.377964
-0.335463 -0.090270 0.320652 -0.783518 0.177266 0.243325 0.020225 0.267504
0.336533 0.325713 0.341375 0.497122 0.013563 -0.207944 0.601100 0.110653
-0.237919 -0.514401 0.516700 -0.529999 -0.284680 0.138597 0.020534 -0.173884
0.370041 -0.369992 -0.300793 -0.344360 0.647351 0.255053 -0.108742 -0.145524
0.032188 0.170547 0.049932 0.601730 0.040279 0.638877 -0.362957 0.252550
0.347980 -0.444827 0.566298 0.078166 0.219936 0.204708 -0.242327 0.453031
0.519624 0.177199 -0.130881 -0.107773 -0.446263 0.616753 0.242922 -0.176923
-0.540934 0.427146 0.525457 -0.438272 -0.053180 -0.048770 -0.211331 0.082958
0.312664 0.026433 -0.040055 -0.050777 0.903898 -0.066599 0.139330 0.237658
0.072087 0.322934 0.335732 -0.459442 0.401382 0.485583 -0.319044 0.260821
-0.075901 -0.248735 0.505984 -0.163054 0.602405 0.239640 0.258836 0.403050
0.705407 0.231255 0.361185 0.407836 0.038850 -0.281927 -0.201607 -0.174645
0.385944 -0.276879 0.042728 0.782179 -0.021665 -0.188188 -0.334915 -0.112712
0.376969 0.177031 -0.503302 -0.132784 0.433482 -0.306558 -0.016610 -0.522925
-0.406966 -0.514728 -0.094195 0.470749 -0.526750 -0.028303 0.030644 -0.244444
0.201980 0.156027 -0.459687 0.268683 -0.689388 0.007438 -0.366940 0.203474
0.354127 0.011822 0.585973 -0.008073 0.662940 -0.095496 -0.266569 0.106583
0.729643 -0.139865 0.126666 -0.104430 0.020168 -0.445373 0.454732 -0.124760
-0.356027 -0.521036 0.612020 0.289677 -0.217271 -0.072716 0.275103 -0.122924
-0.192084 -0.714087 -0.414437 -0.272735 0.309860 0.004470 0.264260 -0.202916
-0.104667 -0.066492 -0.292424 -0.423219 0.781973 -0.144282 0.232202 -0.183796
-0.537821 0.605666 0.012077 0.000616 -0.175460 0.190248 -0.526019 -0.009775
-0.525185 -0.163838 -0.574478 -0.148762 0.076824 0.489896 -0.271791 0.159419
0.150971 0.018020 0.215636 -0.299268 -0.295844 -0.651434 -0.572967 -0.025329
-0.079533 0.276969 -0.228233 0.753155 -0.203118 -0.282569 -0.340484 0.246173
-0.166352 0.346814 0.386444 -0.186440 0.348255 -0.722022 0.090115 -0.131268
-0.015523 0.332955 -0.244923 -0.069634 -0.401893 -0.232451 -0.770587 -0.121286
-0.229592 0.052163 0.257141 0.201709 -0.036991 -0.460090 -0.454186 0.646857
0.442278 -0.055618 -0.148121 -0.564908 -0.040846 0.036644 0.675975 -0.016876
0.279561 -0.574046 0.482027 -0.135619 -0.166515 -0.207967 0.248749 -0.456861
0.224345 0.026629 -0.276454 0.135158 0.263504 -0.563224 -0.617423 -0.293938
-0.382018 -0.045355 0.036724 -0.252437 -0.142782 -0.798845 -0.122477 -0.336738
-0.586621 0.516065 -0.465456 -0.222461 0.054705 0.343565 0.034349 -0.034755
-0.022144 -0.207468 -0.130676 -0.113509 -0.917235 -0.051243 0.250021 -0.141600
-0.096678 -0.074893 -0.346863 0.486326 -0.629140 -0.180882 0.282885 0.345918
0.277047 0.363328 -0.040906 0.328363 -0.543607 0.071760 0.569967 -0.237113
0.326229 -0.132241 -0.030713 -0.064909 0.068822 -0.060467 -0.345851 0.861932
-0.385420 -0.016588 -0.226880 -0.392722 0.567273 0.405553 0.272718 0.291246
0.216752 -0.139614 -0.443347 -0.309670 0.272200 0.687283 -0.045528 0.304223
-0.350595 0.113179 -0.638580 0.263562 0.186942 0.040592 -0.263540 -0.530074
-0.009748 0.197457 -0.509562 -0.050253 0.277557 -0.372651 -0.100113 0.687611
-0.025355 -0.556743 0.017029 0.349986 0.089484 0.201171 0.580496 -0.425631
-0.049809 0.377600 -0.098146 -0.295684 0.417541 0.745734 0.068537 -0.150731
-0.458722 0.246703 0.174496 0.097668 0.811425 0.074939 0.037614 0.152593
-0.236756 0.302423 -0.384557 0.054499 -0.611567 0.393841 0.002915 -0.415331
0.541189 0.689503 0.032341 0.105687 -0.078025 -0.410925 0.192408 0.086702
0.025601 -0.152011 -0.089696 0.707173 0.249372 0.533350 0.348497 -0.001037
0.395016 -0.704666 -0.240440 0.044411 0.034316 0.210073 0.427031 0.244872
0.633062 -0.367333 0.130891 0.381079 -0.044754 -0.110148 0.172401 0.508024
0.580219 0.535622 0.202489 0.092539 -0.426655 0.227589 0.066609 0.297697
-0.530846 0.576376 0.392281 0.131316 -0.202875 0.278356 0.166417 -0.261785
0.490117 -0.061227 -0.376334 0.128460 0.392198 0.010943 0.154543 0.648140
0.106849 -0.095674 -0.055637 -0.309694 -0.557118 -0.017610 -0.555275 0.511277
0.441461 -0.205546 0.392677 -0.327044 -0.309719 0.284574 -0.268576 -0.502662
-0.167153 -0.016267 -0.278278 -0.338649 -0.660221 -0.171736 0.204356 0.522042
0.437086 -0.352650 0.085362 0.192639 -0.109867 -0.584839 -0.378495 0.377932
0.508636 -0.400195 0.277251 0.425618 0.394590 -0.343287 0.209062 -0.076562
-0.347640 0.122782 -0.379059 -0.273913 -0.456898 0.565499 0.212429 0.267746
-0.470011 0.046899 0.100360 -0.565794 -0.595005 0.105387 0.282470 -0.042056
-0.029215 -0.337217 -0.319804 0.509520 -0.276670 -0.668316 -0.011393 -0.014975
0.086157 0.188814 -0.198000 -0.868056 0.351116 0.197589 -0.027604 -0.033430
0.332044 -0.212600 0.364623 -0.752807 -0.033034 0.192926 -0.294220 0.141437
-0.013118 0.337618 0.081926 0.255022 0.595130 -0.054991 -0.336472 0.586241
0.389298 0.260113 -0.249727 0.302034 -0.370776 -0.618745 -0.317410 -0.078303
-0.113089 -0.108038 0.026803 0.744721 -0.243568 0.212650 0.096610 -0.553474
-0.114424 0.135865 0.557384 0.264239 0.439597 0.446594 -0.269830 0.349928
-0.022141 -0.684806 0.150287 -0.360638 0.208125 0.495552 -0.182206 0.236259
-0.021985 -0.249309 0.011215 -0.061294 0.467339 0.512949 0.190821 -0.644628
-0.413868 0.438654 -0.348360 -0.012665 0.071361 0.246367 0.398210 0.538908
0.151347 -0.193689 0.019162 -0.089445 0.113906 -0.645914 0.232772 -0.668468
0.450477 -0.139305 -0.627097 0.174201 -0.506251 -0.060105 0.289803 -0.100903
-0.232767 -0.041523 -0.549408 0.028458 0.300111 -0.090149 0.512156 -0.530039
-0.195144 -0.209796 0.262116 0.341645 -0.420770 -0.563948 0.096539 -0.477572
0.146536 0.225522 0.101590 -0.402771 0.502947 0.058845 0.039131 0.705106
0.176730 0.386060 -0.541475 -0.481070 -0.115634 0.509012 0.106457 -0.106324
0.091429 -0.208803 -0.203891 0.551010 0.373495 0.363539 -0.262731 -0.512028
-0.213189 -0.166374 -0.503265 -0.225702 0.277383 -0.708596 0.078341 -0.193566
-0.382383 0.525674 0.369769 0.156014 -0.418644 -0.342442 -0.263591 -0.233179
-0.106807 -0.096403 0.152378 0.115889 -0.805656 -0.427045 -0.318859 0.097628
-0.479885 -0.207832 -0.067630 0.044358 -0.532495 -0.577144 0.301358 0.111867
0.064147 -0.016101 -0.088133 -0.896664 -0.209461 -0.294058 0.099977 0.208600
-0.071438 -0.283510 -0.171524 0.366326 -0.251708 -0.328230 -0.740971 0.175433
-0.097888 -0.364631 0.587666 0.055648 -0.088124 -0.268931 0.140659 0.639641
0.233625 0.710430 -0.177787 0.380753 -0.026418 0.135813 -0.289869 0.401199
-0.477573 -0.475381 -0.157329 0.187239 0.579300 -0.241387 0.292018 0.083645
-0.106985 -0.267188 -0.016640 0.069997 0.356450 0.452445 -0.522058 0.554691
-0.364994 0.382411 -0.585484 -0.269406 0.420850 -0.258875 -0.149596 -0.196625
0.412409 0.081450 0.144443 -0.105872 -0.729968 0.363678 -0.354678 0.017397
-0.056979 0.591640 0.053975 0.542607 -0.396440 0.259057 0.227747 0.270624
0.605303 -0.381299 -0.267159 0.543617 0.010620 0.209648 0.112188 -0.254315
-0.354700 -0.565260 -0.006518 -0.364531 0.028552 0.223618 0.443784 0.417109
-0.100868 -0.392052 0.353514 0.411210 0.334838 -0.162005 0.157418 -0.615560
-0.018180 -0.018723 -0.215512 -0.042717 0.325848 0.728804 -0.534539 -0.167289
-0.613077 0.282708 -0.351069 0.039055 0.193977 -0.086408 -0.365246 0.490858
-0.405583 0.469913 0.328407 -0.043862 0.203508 -0.171058 0.649918 0.108814
-0.411269 -0.619089 0.281306 -0.155171 0.144865 -0.223895 -0.168700 -0.494775
-0.238164 0.367615 0.253052 -0.451345 -0.476911 -0.554352 0.006536 0.074826
0.096409 -0.047392 0.074603 -0.504644 -0.088906 0.675097 0.471815 0.204843
-0.387147 -0.653957 -0.352593 -0.120546 -0.230949 -0.001251 -0.425317 -0.222198
-0.283221 -0.095783 -0.501916 -0.701411 -0.042150 0.192296 0.319694 0.160488
-0.576948 -0.033645 -0.056626 0.255982 -0.051367 -0.193494 0.054691 -0.744444
0.574655 0.307804 -0.268762 -0.442188 0.344416 -0.328446 0.272584 0.080406
-0.135441 -0.936339 0.049846 -0.029095 -0.149991 0.201922 0.089534 -0.174092
-0.383945 0.212879 -0.067249 0.057676 -0.002076 0.507357 -0.334276 -0.655946
-0.725215 0.098292 -0.496457 0.398909 0.093511 0.073718 0.210465 -0.018211
0.121404 0.528037 -0.370466 -0.180831 0.110008 -0.717947 -0.038234 -0.086507
0.173551 0.402824 0.129651 -0.013759 -0.189030 -0.579353 -0.212020 -0.611784
-0.011610 0.099299 -0.207723 0.031776 -0.431381 0.755244 -0.386640 0.199683
-0.343979 -0.413665 -0.127793 0.474623 0.138051 -0.207996 -0.509424 -0.383575
-0.102967 0.043585 0.147717 0.291264 0.527764 0.018210 0.750926 -0.195160
-0.125452 -0.011585 0.153928 0.588690 -0.605092 0.214039 -0.434749 0.113683
0.191078 0.008849 0.024158 0.013811 -0.037793 0.435441 0.776441 -0.410779
0.457126 0.108267 0.163988 -0.352463 -0.196445 -0.091867 0.298252 -0.701576
-0.576819 0.198431 0.442734 -0.064342 0.283867 0.540748 -0.217109 -0.087342
-0.230117 0.008293 0.462701 0.015594 -0.510415 -0.052056 0.347615 -0.590401
0.232739 -0.532891 0.206551 -0.290878 0.405633 -0.089282 0.573274 -0.182854
0.252967 -0.106987 -0.619684 0.524101 -0.125210 -0.081415 -0.390726 -0.301496
0.424477 -0.533229 0.148809 -0.373130 0.017886 0.462318 0.266110 -0.298739
0.063012 0.664659 0.144377 0.172749 0.182686 -0.503905 -0.463878 0.033103
0.056195 0.304135 -0.079438 -0.667315 -0.164583 0.357103 0.008083 0.545939
-0.125955 0.439723 -0.401426 -0.504657 0.255237 -0.135745 0.539796 0.002683
0.478244 0.176098 0.068423 -0.395550 -0.148728 -0.217457 0.242563 0.671481
-0.423575 -0.123468 -0.787466 -0.147599 0.270471 -0.096917 0.156279 0.237661
0.656578 0.487870 -0.209163 -0.104160 0.057154 -0.218661 -0.455178 -0.134257
-0.060200 -0.179251 0.522223 -0.126119 0.062965 0.230860 0.773874 0.139575
0.058754 0.007355 -0.007210 0.240945 -0.800554 0.466798 0.167763 0.226841
-0.115671 0.236749 -0.083481 0.259837 -0.192974 0.178725 -0.739831 0.489444
0.010913 -0.587160 -0.378332 0.123891 0.198976 -0.534913 0.188006 0.368200
-0.394702 -0.140622 0.174731 0.088115 0.548901 0.167813 -0.353116 -0.576191
0.000986 0.028167 -0.750757 0.020562 -0.378376 -0.484246 0.027591 0.238167
-0.417180 0.640817 -0.206910 0.175761 -0.139765 0.032330 0.521677 -0.221101
-0.309251 0.492556 -0.191924 0.093574 -0.427312 -0.417870 -0.318636 0.396767
0.210503 0.141066 0.676148 0.229701 0.198693 -0.396370 0.178413 -0.444334
-0.296874 -0.541493 0.284175 0.348388 0.166276 0.306854 0.041417 0.541295
0.105471 0.175882 0.021555 0.197359 0.215830 -0.052029 0.442409 -0.820678
0.581715 0.403015 -0.645475 0.126520 -0.010623 -0.152812 0.069397 0.195607
-0.575445 -0.064226 0.478491 -0.065080 -0.642464 0.049411 -0.118470 0.048103
0.457505 0.125156 -0.258953 -0.321215 -0.684860 -0.140527 -0.066064 -0.334132
0.492287 0.154444 -0.217523 0.735527 -0.208680 -0.248299 0.179413 0.089984
0.286272 -0.208368 -0.668864 -0.203243 0.374388 -0.087523 0.478314 0.096616
-0.424415 0.222405 0.253535 -0.174779 0.365703 0.052633 -0.675399 0.287939
-0.062284 0.267063 0.263545 0.182885 -0.261970 -0.844069 -0.013510 0.201575
0.267273 0.504438 -0.007060 0.198721 0.195546 0.078536 0.331129 0.693193
0.324985 0.387230 0.274285 0.334078 -0.451899 -0.235933 -0.475442 0.267726
0.695747 -0.119466 0.160735 -0.202524 0.234892 -0.328500 -0.521104 0.013328
-0.126376 0.009023 -0.481893 0.109379 -0.000913 -0.343717 0.665086 0.423419
0.318311 0.327564 -0.234884 -0.389591 -0.354380 -0.488026 -0.288907 0.370414
0.270398 0.194618 0.060045 0.457250 0.150585 -0.762717 0.144168 -0.226118
-0.539993 -0.254516 0.273367 0.066832 0.037845 -0.323817 0.593939 0.324627
0.054516 -0.161178 0.380639 0.117283 -0.024074 -0.387499 0.772551 -0.254636
-0.484333 -0.271732 0.713110 -0.130691 -0.023502 0.298529 0.116683 0.250383
0.021417 0.182673 -0.092158 -0.601262 0.452486 -0.563138 -0.136693 0.235820
0.189461 0.113189 0.545537 -0.140069 0.176500 -0.458852 0.512827 0.359687
-0.385225 -0.497015 -0.166143 0.504060 -0.106390 0.000748 0.498536 0.251083
0.144466 -0.212426 -0.172240 -0.025992 0.506070 -0.594968 0.537327 -0.069642
0.010960 0.493415 -0.117705 -0.038218 0.448978 -0.469969 0.444570 0.347869
0.041260 0.584773 0.272853 0.348899 -0.394489 0.281030 -0.420481 -0.220808
0.204096 -0.226802 0.139732 -0.052988 0.130154 0.456013 0.322454 0.745459
-0.459058 0.275799 -0.110874 -0.487717 0.443131 0.287020 -0.370241 -0.217297
0.153015 0.233849 -0.305495 0.753982 0.460805 0.111576 -0.141637 0.123434
0.151585 0.614493 -0.054377 -0.232868 -0.238195 0.203686 0.621783 0.239581
-0.146984 -0.163827 -0.370658 0.094836 -0.324793 -0.529881 -0.408555 -0.501992
0.395815 0.007405 0.714275 0.137672 -0.262170 0.331484 -0.358842 0.082176
0.100833 -0.240731 0.343564 0.637078 -0.471125 -0.326718 -0.083252 0.268968
-0.234698 -0.414728 -0.409368 0.170909 0.516423 0.545378 0.093822 -0.056525
0.489875 -0.082782 -0.165359 0.147270 0.302664 0.738666 0.117556 -0.230407
0.385088 0.248644 -0.410106 0.150049 -0.195052 -0.463615 0.331197 -0.486321
-0.088891 -0.118519 0.742353 -0.116975 -0.274052 -0.406956 -0.198014 -0.365176
0.317121 0.375156 0.235610 -0.122507 0.238822 -0.571338 -0.200385 0.514350
0.581204 0.257568 -0.155552 0.313371 0.503352 -0.234377 0.406260 -0.010966
-0.738110 -0.193321 -0.249835 -0.118140 0.451518 0.208352 0.059792 -0.300985
0.189803 0.722154 -0.276496 0.274370 0.231109 0.211500 0.437628 0.032861
0.422702 0.025903 -0.230111 0.037908 0.113775 -0.736966 0.224663 0.399659
-0.065531 0.039162 0.219676 -0.578503 0.097889 0.282138 -0.581348 -0.429069
-0.041370 -0.131330 0.347402 -0.071280 0.370189 -0.649978 -0.532383 0.111039
0.357391 -0.221121 0.784125 0.312374 -0.112827 -0.038776 0.305977 0.055620
-0.181567 0.214933 -0.457041 0.221299 0.672476 0.041316 0.444436 0.107351
-0.469975 -0.257373 0.324259 0.096691 -0.138497 0.528715 0.281380 -0.469568
-0.232906 -0.696694 0.017749 0.119518 0.015398 -0.472038 0.407806 -0.237511
0.046331 -0.090448 0.537925 0.334355 -0.176123 0.671543 0.182894 0.270328
-0.286474 -0.432741 -0.410991 0.161125 -0.083128 0.278546 0.037719 -0.670726
-0.048576 -0.283024 0.064600 0.455366 0.805144 0.175961 -0.142505 0.080507
0.073151 0.093166 -0.683572 0.365816 0.325771 -0.502542 0.161763 0.006096
-0.104310 0.585344 -0.029933 0.268509 0.454927 0.372220 -0.472817 -0.066623
0.208514 0.017797 0.402578 0.044724 -0.418996 0.132357 0.505698 0.585944
0.019778 -0.780649 -0.279851 0.495209 0.239410 -0.067007 -0.041119 -0.056130
-0.096149 -0.632887 -0.562388 0.040838 -0.401733 -0.042034 0.274564 0.183634
0.191567 -0.647290 0.112574 -0.274214 -0.507283 0.189888 -0.403571 0.013765
0.025474 -0.596062 0.172774 0.373156 0.002937 0.308145 -0.614471 0.049280
0.315275 0.570220 -0.338673 0.062992 0.606731 -0.189859 -0.198511 0.114932
0.070403 0.171267 0.067794 0.567059 0.062413 -0.258617 -0.298920 -0.692409
-0.127368 -0.446493 0.019774 -0.359192 -0.087816 0.070029 0.358223 -0.716990
0.165834 0.017416 0.648126 0.485314 0.233918 -0.434179 -0.161297 0.217608
0.095254 -0.283632 0.213066 -0.449754 0.577651 -0.048753 -0.417364 0.390583
0.351431 -0.222016 0.420939 0.290368 -0.003370 0.518809 0.189806 -0.510395
-0.189062 0.098355 0.017725 -0.508174 -0.085097 -0.001857 0.664111 0.497735
-0.233831 0.870509 0.067174 -0.247013 0.036437 -0.298006 0.100395 -0.147635
-0.482688 0.123515 -0.482165 -0.091142 -0.414070 -0.070190 0.576001 0.053010
-0.412216 0.232955 0.124196 -0.438343 -0.275903 0.672321 -0.185764 -0.074804
0.582555 -0.065252 -0.005557 0.418205 -0.208930 0.205159 -0.496944 0.385683
0.585245 -0.241565 0.239241 -0.028124 0.401427 -0.013096 0.025884 -0.615730
0.037952 -0.101306 0.561440 -0.555925 0.038844 -0.479575 -0.113735 0.345825
0.016517 0.294824 -0.125426 0.011282 -0.457196 0.270859 0.043030 0.782754
-0.004931 0.698943 -0.359582 -0.425749 0.147394 0.061439 -0.418436 0.017479
0.202860 0.235975 0.192377 -0.426124 0.370964 -0.357045 0.529977 -0.372293
-0.178772 0.163491 0.378585 0.067513 0.362015 0.674540 0.447952 -0.081899
-0.096774 -0.060156 -0.314388 0.037055 -0.118694 0.882741 0.085253 -0.293626
-0.039081 0.279202 0.175566 -0.259783 -0.127168 0.577166 0.203152 -0.656997
0.831596 0.194135 0.220005 -0.087459 -0.012646 0.355406 -0.251549 -0.157986
0.494475 -0.170844 0.340369 -0.198677 0.440540 0.583546 0.046618 0.184959
0.195906 -0.643398 0.070140 0.330345 -0.153367 0.042026 -0.201355 -0.606451
-0.636848 -0.090096 -0.071810 -0.105706 -0.411282 -0.377794 -0.486892 0.145028
-0.320749 -0.268837 -0.340076 0.469367 -0.156909 0.531469 -0.372883 -0.206809
-0.002329 -0.696644 0.443112 0.386619 0.139351 -0.327607 -0.196569 0.058951
0.475424 -0.080116 -0.578227 0.021952 -0.103819 -0.226761 -0.523497 0.310610
-0.222204 0.295639 0.106173 -0.065743 -0.087133 -0.373627 0.264283 0.794100
