0.393649 -0.034657 0.311003 -0.297131 0.736083 -0.269870 -0.201075 0.061326
0.031487 -0.419782 0.344564 0.148883 -0.665590 0.049391 -0.415293 -0.252963
-0.474168 -0.194979 0.547478 0.497867 0.361715 -0.019488 -0.176106 -0.165288
0.177981 -0.171343 0.269118 -0.308333 0.112562 -0.360147 0.373811 0.699548
0.130356 -0.773070 0.132048 0.386110 0.322425 -0.036637 0.036934 0.334959
0.254705 -0.176434 0.675107 -0.455554 0.415532 0.057478 0.240706 0.082443
0.084213 -0.446945 0.249601 0.247110 -0.561653 -0.590535 0.070725 0.024816
-0.142022 -0.088827 -0.133904 0.425268 0.094533 -0.500846 0.508314 -0.504973
0.050954 0.053283 -0.664690 -0.483937 -0.455948 -0.204624 -0.252751 -0.070150
-0.434647 -0.234456 0.137546 -0.007824 0.513645 -0.349345 0.535380 -0.254239
-0.531945 -0.186226 0.357835 0.327516 0.070126 0.070658 0.658404 -0.060348
0.048588 -0.755845 -0.517652 0.125753 0.161661 0.044192 -0.332075 -0.064871
-0.074712 -0.254058 0.791787 -0.035703 0.264068 0.380340 -0.205935 0.211846
-0.381137 0.532176 0.199693 0.368249 0.286283 -0.051752 0.416291 -0.371635
-0.120909 0.103195 0.308081 0.085933 -0.690253 -0.433115 0.239602 -0.388578
0.480408 -0.398752 -0.499125 0.163415 0.201425 0.309827 0.199213 -0.397658
0.010009 -0.676467 -0.182315 -0.542612 -0.140370 0.385859 -0.203716 -0.067371
-0.252984 -0.255551 0.260626 0.308116 0.341256 0.021061 0.300212 -0.707680
0.220758 0.477016 -0.207263 -0.393964 -0.260608 -0.058296 0.538885 -0.404785
-0.008398 0.055781 0.143620 -0.085212 -0.284154 0.125483 -0.491995 -0.793972
0.013768 -0.268737 0.553421 0.325774 -0.385098 -0.029726 0.533801 -0.284723
0.183552 -0.448871 0.272762 -0.462428 -0.049306 0.361675 -0.316442 0.493169
0.478001 0.119649 -0.253011 -0.033638 0.088502 0.255654 -0.089470 0.781579
0.658751 -0.017732 0.149041 -0.015377 -0.130543 -0.007153 0.410271 0.598228
-0.472634 0.138931 0.547768 -0.424292 -0.144715 -0.261234 0.029554 -0.432656
-0.358040 0.167182 -0.279756 -0.253414 -0.124633 -0.492101 0.408477 -0.526149
-0.351338 0.160594 0.548358 -0.562959 -0.337926 0.111667 0.311619 0.096896
0.078187 -0.439909 -0.643919 -0.305584 -0.136264 -0.270951 0.045016 -0.445366
-0.390184 -0.013830 -0.276293 -0.379630 0.630874 0.034780 0.436571 -0.193159
0.228813 -0.212654 -0.057296 0.377222 0.385940 0.557848 -0.207968 0.503445
0.458895 -0.120345 0.040781 0.563340 -0.411527 -0.208015 -0.394849 -0.295622
-0.304356 -0.627670 -0.148079 0.555700 0.093509 -0.313744 0.192323 -0.196244
-0.391163 -0.708732 -0.483415 -0.125474 -0.120070 0.198132 0.202397 -0.025019
-0.042073 0.360115 0.281043 0.719936 0.470934 0.160586 0.027726 -0.151431
0.240689 -0.276805 0.121709 -0.724060 0.044752 0.382900 0.002189 -0.421613
-0.076021 -0.555635 0.675900 0.281012 0.235535 0.027151 0.305727 -0.001914
-0.559041 0.028196 -0.024773 -0.439041 0.113432 -0.036832 -0.097347 -0.685287
-0.208036 -0.592877 -0.169685 0.164310 -0.426904 0.504535 -0.118594 -0.313955
0.583848 0.227083 -0.116198 0.108757 0.107514 0.076090 -0.655106 -0.368404
-0.215612 -0.171219 -0.453660 0.534399 0.098632 -0.250125 -0.338205 -0.496123
0.127106 0.023601 0.575996 -0.577261 0.227109 0.025700 -0.465480 0.222223
-0.193844 0.567685 -0.239887 0.360524 0.161222 0.473631 -0.083010 -0.442076
-0.071101 -0.673072 -0.317421 -0.490737 -0.206314 -0.331322 0.101755 0.194038
0.442273 0.049677 0.054406 -0.419229 -0.438012 0.029616 -0.113068 0.646301
0.231309 0.230779 0.655690 -0.163089 -0.127989 0.258598 0.557525 0.206467
0.073956 -0.013985 0.122641 -0.842026 -0.271836 -0.063719 -0.438574 -0.003555
0.386024 0.143426 0.385300 -0.079418 0.206710 -0.365513 0.697466 0.113461
-0.021880 -0.184269 -0.459570 0.499018 0.005842 0.409536 -0.573966 0.090336
0.319861 -0.170118 0.574831 0.001792 0.369427 -0.144869 0.408680 -0.462428
-0.480705 0.554158 -0.233245 0.014101 -0.305358 -0.106549 -0.030148 0.549301
0.337786 0.336707 -0.385364 0.472686 -0.300196 0.332830 0.200846 0.399204
0.042170 0.118097 0.409927 0.346756 0.006577 -0.487320 -0.601317 0.311278
-0.430653 -0.008214 -0.363013 0.528793 0.438394 0.282532 0.126486 0.339221
0.348703 0.073878 0.235883 -0.489185 0.058030 -0.585749 0.288287 -0.385277
0.127220 -0.619100 0.266810 -0.274990 -0.474323 0.257977 0.248641 -0.316818
-0.440836 0.255109 0.224032 -0.183528 -0.086433 -0.426770 0.683422 -0.006783
-0.607398 0.098111 -0.046643 -0.278189 0.322030 -0.299140 -0.582735 -0.095478
-0.258719 0.279532 -0.106791 0.138486 -0.897396 -0.109416 -0.081369 -0.021159
-0.452800 0.324611 -0.387936 0.544158 -0.216398 0.183811 -0.402877 0.008951
-0.769722 0.143371 0.374968 0.112037 -0.436143 -0.112169 0.175373 -0.016365
0.324413 0.054897 0.329739 0.062477 0.211920 -0.776463 -0.261587 -0.250772
0.408527 0.371323 0.332307 0.489801 0.195170 -0.353055 0.304549 0.299017
-0.284619 -0.026589 -0.455534 0.455206 -0.307515 -0.089694 -0.218175 0.594438
0.485171 -0.158177 0.146136 0.825131 0.004818 0.015931 -0.061777 0.182502
0.669744 -0.030308 0.410574 0.219231 0.066667 -0.073244 -0.246987 -0.512920
0.039511 -0.541266 -0.218724 -0.079880 -0.486851 -0.036247 0.635965 0.092021
-0.214860 0.057860 0.082457 -0.200285 0.660438 -0.634161 -0.132342 -0.218467
-0.023041 -0.360907 0.599014 -0.211386 0.278372 -0.571831 0.240628 0.057789
-0.179764 0.126576 -0.751702 0.174629 0.072031 -0.126574 -0.537669 0.214059
0.751808 0.319595 0.267774 -0.328734 -0.000961 0.112890 -0.297706 -0.226960
-0.244767 0.246265 -0.270603 -0.083769 0.805617 -0.103151 -0.373558 0.001757
0.168514 0.391884 0.180468 0.449198 -0.142492 0.712493 0.206207 0.114983
0.106063 0.415895 0.423692 0.154735 0.114394 0.606263 -0.335032 0.345606
-0.149272 0.012924 0.206539 -0.247585 -0.609380 -0.021223 0.701789 -0.096424
-0.395551 -0.453710 0.237720 0.314666 0.477199 -0.296068 0.255704 0.318453
-0.093649 0.315986 0.157439 -0.614845 -0.458925 -0.415249 0.253829 -0.202723
-0.422856 -0.488778 -0.389336 -0.096113 -0.247777 0.103965 -0.546627 0.224663
-0.391589 0.286433 -0.355304 0.342689 -0.123312 -0.208767 0.674800 -0.082465
-0.227283 -0.042648 0.006559 0.092393 -0.612202 0.279155 -0.304917 0.626310
0.217037 -0.399885 -0.067706 0.308077 -0.741185 0.003664 0.156635 -0.345825
0.024546 -0.092525 -0.139220 0.028123 -0.685186 -0.338131 -0.368129 -0.501340
-0.193260 0.230946 -0.451188 -0.035741 -0.305471 -0.658287 0.204650 0.368696
-0.268809 0.273463 -0.548728 -0.639808 0.116290 -0.079141 -0.339000 0.088331
-0.429750 -0.751038 0.150928 -0.211308 -0.396117 0.011624 -0.141993 -0.081417
-0.205271 0.455773 -0.121462 -0.546697 0.076177 -0.508870 -0.234039 -0.342033
-0.272975 0.167729 0.430949 0.007245 0.479433 -0.187748 -0.194649 -0.639216
-0.357187 -0.615068 -0.085042 -0.161447 0.281096 0.125364 -0.538514 -0.275845
-0.118084 0.425025 -0.785690 -0.239446 0.009058 -0.265046 0.238996 -0.057650
0.082283 -0.200073 0.187462 -0.257206 -0.192930 0.010860 -0.866954 0.250926
-0.462097 -0.510801 0.312664 -0.222210 0.156348 -0.445481 -0.192936 -0.343942
-0.432635 0.803549 -0.219241 0.189289 -0.003877 -0.255780 -0.064519 -0.116834
-0.399793 -0.664862 0.339236 0.112152 0.034408 -0.189228 -0.410914 0.254226
-0.029492 -0.161691 0.110339 0.256346 -0.241415 0.713907 0.088769 0.565054
-0.575872 -0.356671 0.136824 -0.494701 -0.106315 0.377907 -0.144855 -0.320337
-0.039104 -0.485625 -0.590634 0.373840 -0.280409 -0.104287 0.294279 -0.312957
0.207642 -0.394308 0.316532 -0.030671 0.402857 0.055448 -0.420098 -0.598689
-0.015911 -0.203823 -0.792281 0.216827 0.234139 -0.329857 0.004089 0.346187
-0.296267 0.326876 -0.116430 0.187084 0.159438 -0.733952 -0.211234 -0.384841
-0.502129 0.580490 -0.024038 0.007011 -0.441352 -0.128053 0.337725 -0.291603
0.001458 0.729550 0.219699 0.168333 -0.092772 -0.528930 -0.147750 0.284531
-0.520328 0.230140 -0.034518 -0.365627 -0.651268 0.300879 0.138471 0.087031
0.521045 0.341156 0.169293 -0.552717 -0.518397 -0.085435 0.032427 -0.029824
-0.112753 0.087905 0.299651 -0.667882 0.155620 0.237185 0.097949 0.594677
-0.085373 0.107061 0.229559 -0.376119 0.719345 -0.269376 0.386986 0.217520
0.090726 -0.822847 0.433160 -0.147309 -0.166463 -0.271575 0.026187 0.056816
-0.166288 -0.009583 -0.460773 0.323017 0.045521 0.797908 0.038739 0.124029
-0.078928 -0.451670 0.246367 -0.244155 -0.568017 -0.081779 -0.325344 0.484031
-0.647755 -0.098554 0.291623 -0.134571 0.244840 0.620668 -0.032392 0.146065
0.288408 -0.314651 -0.429876 -0.117854 -0.184996 -0.172150 0.199016 0.718104
-0.464153 -0.214551 0.521776 -0.454118 -0.079344 0.148459 -0.434866 0.206439
0.468615 -0.487671 -0.224867 0.505685 -0.305552 0.049675 0.332014 0.173898
-0.714631 0.389122 -0.221447 0.314847 0.026223 0.347343 0.259276 -0.034205
0.325508 0.103849 -0.495301 0.001259 -0.458376 0.621766 0.196500 -0.051267
-0.016194 -0.161695 0.536982 0.174081 -0.181280 0.273278 -0.568796 0.473152
-0.209563 0.858283 0.183081 0.073490 0.171958 0.387570 0.006108 -0.026533
0.167608 -0.131088 -0.177339 0.691784 -0.335994 0.425133 0.299355 -0.247933
-0.519664 -0.310888 0.107984 -0.286331 0.407321 -0.533041 -0.015372 0.298968
-0.194326 0.030534 0.119221 -0.565817 -0.536429 0.331329 0.087521 -0.470907
0.107950 -0.119125 0.282758 0.438752 0.166352 -0.281312 -0.630353 -0.444471
0.452897 0.042040 -0.152428 0.014329 0.349221 0.389549 -0.649285 0.272794
-0.118421 0.429029 0.583703 -0.123172 -0.423322 0.158362 0.230314 -0.434411
-0.431746 -0.209626 -0.385878 0.209982 0.062417 -0.168278 0.380248 0.632347
0.406838 -0.334832 -0.494071 -0.098304 -0.222861 -0.532414 0.367931 0.010131
-0.170490 -0.057716 0.227081 -0.054132 0.738087 0.360348 -0.488041 -0.017585
0.519378 0.220147 0.083043 0.682645 -0.004548 -0.035875 0.226691 -0.395214
0.658611 -0.196346 -0.086289 -0.065469 0.585388 0.199642 -0.229224 -0.284386
-0.374417 0.085405 0.503103 0.285362 -0.074525 -0.370271 0.288596 -0.540407
-0.011140 0.064186 -0.582698 0.006382 0.326958 0.357090 0.310814 0.570235
0.145891 -0.039184 0.446300 -0.614646 -0.119476 0.025956 0.465231 -0.410885
-0.221527 -0.803536 -0.106322 -0.265565 0.291881 0.142970 -0.079949 0.333784
-0.265881 -0.439616 0.453710 -0.218945 -0.034094 -0.231328 0.433570 -0.489495
0.163398 0.170190 0.367373 0.465996 0.025933 0.311345 0.669717 -0.214716
0.351448 -0.024007 -0.658314 0.191087 -0.372690 0.142165 -0.295004 0.399867
-0.379896 0.169695 -0.042676 0.634835 -0.397202 0.337339 0.125641 0.367017
-0.274445 0.111918 0.663999 0.276928 -0.212019 -0.024949 -0.338225 -0.484362
-0.100952 -0.079247 -0.176946 -0.134925 0.680542 0.101737 -0.132163 -0.665636
0.452130 -0.194998 0.503959 -0.501976 0.130081 -0.225100 -0.212108 -0.372858
-0.334401 -0.225016 -0.824560 -0.128412 -0.280086 -0.175894 0.107853 0.141929
0.044918 0.124235 0.772912 -0.200460 -0.171830 -0.371609 0.398848 -0.135203
-0.022262 0.282997 0.045860 -0.441561 0.235880 0.464277 0.258751 -0.619842
0.488333 -0.555751 -0.274969 0.045990 -0.414099 -0.380355 -0.225892 -0.088200
-0.026414 -0.075643 -0.049364 -0.687308 -0.278286 -0.533934 -0.165407 0.358986
0.327542 -0.486196 -0.063319 -0.065216 -0.162716 0.758169 0.187308 -0.108140
0.017916 -0.215884 -0.425800 -0.118622 -0.442162 -0.439118 -0.328228 0.511507
-0.086796 0.599402 0.296559 -0.054756 -0.030875 -0.598258 0.213707 -0.371089
-0.203753 0.150658 0.412050 -0.371584 -0.728310 -0.106693 -0.262359 -0.131467
-0.044346 0.684978 0.361288 0.222092 0.011868 0.051695 -0.587803 0.025844
0.595997 0.656338 0.163720 -0.058592 0.048320 0.225916 0.310037 0.185163
0.379540 0.558558 0.497027 -0.024845 -0.398055 0.356195 -0.102410 -0.022495
0.147004 0.214583 0.028925 0.052547 -0.110044 0.101564 0.938413 0.160340
-0.221869 0.000363 0.016390 -0.035575 0.011141 -0.889077 -0.307262 0.253486
-0.461704 -0.455370 -0.241934 0.429654 -0.276352 0.210187 0.418170 0.202302
0.510353 0.197359 0.411378 -0.054284 -0.283233 0.019810 0.557501 -0.370133
0.159906 -0.225029 -0.164037 0.313739 -0.169335 -0.766780 -0.090913 -0.416616
-0.046661 -0.458016 0.142719 0.211656 0.054945 0.060349 0.697564 0.479194
-0.604586 -0.002387 -0.353995 -0.253402 -0.091135 -0.337240 -0.233137 0.518230
-0.191715 -0.031018 0.099803 -0.141512 0.204997 0.528185 -0.247238 0.741738
0.067738 -0.532465 -0.416746 -0.395235 0.387905 0.234868 -0.024289 -0.419272
-0.030392 0.605255 0.028813 -0.403543 0.406217 0.305068 0.405631 0.215541
0.291911 -0.141841 0.577449 0.537630 0.273290 0.249309 0.000158 -0.367887
-0.190442 -0.435351 0.024913 -0.092371 -0.431744 -0.570308 -0.503202 0.013749
-0.024071 -0.520511 -0.277450 -0.276233 -0.738995 -0.036041 -0.092081 -0.138996
-0.010266 0.386967 -0.423544 0.164451 -0.036706 0.476730 -0.356194 0.536875
0.068407 -0.038857 -0.689387 0.291014 -0.262073 -0.041864 0.489281 0.352196
0.193539 -0.291836 -0.114939 -0.158914 0.357739 -0.711925 0.395095 -0.219099
-0.333227 0.618847 -0.070618 0.521674 0.308398 0.093555 -0.259792 0.239814
-0.786660 0.230381 0.105103 -0.091055 0.294055 -0.327968 0.075500 -0.330198
0.327892 0.642433 0.299910 -0.174130 0.520451 0.168077 -0.244839 0.021114
0.533350 0.383210 0.018866 -0.153039 -0.088506 -0.144616 0.123275 -0.707797
-0.578238 -0.346662 0.028746 0.036653 0.693241 -0.048942 -0.121295 -0.213596
-0.275692 0.544408 -0.227113 0.219189 -0.523295 0.469280 0.098639 -0.155582
0.071105 -0.260694 0.256922 0.644693 -0.483822 0.425258 -0.137914 0.106798
0.070614 -0.468483 0.207216 -0.634872 0.350758 -0.306562 -0.008593 0.335349
0.110045 -0.304519 -0.725827 -0.397002 0.204290 0.075684 0.394182 0.088805
0.010504 -0.252866 0.286236 -0.115733 -0.248636 0.683523 -0.218227 -0.513792
-0.668608 -0.309826 0.080748 -0.153317 0.319315 0.113471 -0.344356 0.439930
0.332558 -0.122481 -0.222196 0.311025 0.288671 -0.247238 0.467904 0.604080
-0.090003 0.101893 -0.224306 0.348184 -0.690459 0.127784 0.561879 0.034787
-0.142469 0.312064 0.663365 0.186573 0.379102 0.383271 -0.253484 -0.229335
-0.041892 -0.621796 0.439005 -0.077172 0.573582 -0.115173 -0.265553 -0.012751
0.356036 0.494991 -0.317562 -0.615029 0.012728 -0.375471 0.067138 -0.058945
0.377910 -0.104863 0.025542 -0.405232 0.205359 -0.207627 -0.366408 0.679555
0.126965 0.023805 -0.125546 0.298671 -0.057087 0.790300 0.040926 -0.498845
-0.071968 -0.717299 -0.323141 0.258716 -0.403035 -0.212683 -0.018919 0.317695
0.153293 0.355145 0.520198 -0.196357 0.205040 -0.282858 -0.591185 -0.263948
-0.159797 0.327291 0.396575 0.120601 -0.696044 0.258292 0.175273 0.337083
-0.333762 0.311537 -0.089298 0.154308 0.400318 0.704143 -0.295943 0.126947
0.014485 0.328390 0.198815 -0.267617 0.494544 -0.501178 -0.353845 0.399821
0.390267 0.391591 -0.297398 -0.620954 -0.180951 0.256168 -0.225932 -0.266301
0.507886 0.426860 0.318927 -0.114847 0.043031 0.031680 -0.490237 0.449176
-0.172099 -0.220314 -0.451356 -0.529577 0.236558 0.547134 0.006015 0.286924
-0.185313 -0.464200 0.446651 0.455677 -0.164565 0.340980 0.022150 -0.446324
-0.790259 -0.084599 0.052091 0.474354 -0.023297 -0.001058 -0.086333 0.364170
0.274883 0.207121 0.614266 -0.042722 0.170409 -0.608871 -0.066509 0.313393
-0.362189 -0.461872 -0.015183 -0.592106 -0.014976 -0.230680 -0.472307 0.167843
0.710332 -0.421176 -0.005529 -0.226540 -0.391237 0.240015 0.210218 0.108772
-0.122059 0.310231 -0.162435 -0.032405 0.241697 -0.105169 -0.594915 -0.661836
0.252751 0.238427 -0.226443 0.150595 0.123990 -0.872940 0.082693 0.145209
-0.594505 -0.017031 -0.016758 -0.011114 -0.381791 -0.511931 -0.153348 -0.463170
-0.068946 -0.846715 0.158775 0.040994 0.285534 0.019474 0.129514 -0.390837
-0.360938 -0.295305 -0.421336 -0.135680 0.027393 -0.516345 0.562266 0.055556
0.087468 0.116656 0.241306 -0.902153 0.098594 -0.195986 0.223857 0.091630
-0.214084 -0.286693 -0.112935 0.341043 0.143964 -0.494504 -0.207549 0.659237
0.027500 -0.032331 0.030480 -0.233334 -0.403868 -0.182610 0.340027 -0.794204
-0.007985 -0.234193 0.462152 0.140831 0.201786 0.608399 0.519626 0.175495
0.338429 0.787880 -0.030235 0.502949 0.031334 0.058446 0.080135 0.005290
0.305697 -0.043810 -0.246979 -0.669887 0.044279 0.327378 -0.454090 0.282066
-0.260271 -0.036589 0.221818 0.652105 -0.167050 0.048340 -0.651125 -0.047725
-0.470193 -0.415550 -0.390715 -0.087977 -0.305947 -0.010258 -0.256038 -0.535333
-0.444888 -0.265332 0.424255 -0.352017 -0.323674 -0.537089 -0.015944 0.185175
-0.321831 0.308463 -0.077394 0.372775 0.026286 -0.184676 0.011184 -0.788303
0.619092 0.134286 -0.489149 -0.128614 -0.483997 -0.036001 -0.179517 -0.274075
0.483744 -0.326744 0.195230 -0.080671 -0.136667 -0.347339 -0.628832 -0.282599
0.227827 -0.037048 -0.176927 -0.417156 -0.129964 0.690354 0.125904 0.481742
-0.575782 0.550673 0.203986 0.379959 -0.018856 -0.145849 0.276971 0.284469
-0.112266 -0.019730 0.294021 0.568101 0.128724 -0.736216 0.072773 0.118110
0.036826 0.239409 0.253104 -0.204670 -0.437056 -0.747572 -0.284612 -0.067058
-0.268895 -0.098754 -0.472655 0.793613 -0.114893 -0.128327 0.158798 0.099227
0.308603 0.120001 -0.174586 0.560641 -0.178919 -0.416283 0.040951 0.581886
0.065326 -0.497543 0.618097 0.448347 -0.038428 -0.012283 -0.403239 -0.030033
-0.051185 -0.204225 -0.354898 -0.292315 0.217960 -0.643220 0.071862 0.527140
-0.017061 -0.017490 0.139600 0.439396 0.285679 0.333651 -0.355369 -0.683834
0.702866 -0.033289 -0.610072 0.082195 0.094173 0.023811 0.251484 0.230772
0.435689 0.352109 -0.300392 0.351498 -0.281391 -0.314507 0.535976 0.083948
0.495355 -0.402355 0.055379 0.170446 -0.236550 0.150330 -0.169967 0.673187
0.228551 -0.119964 -0.220164 -0.344812 0.090263 0.272266 0.641468 -0.521780
-0.178917 -0.005139 -0.030331 0.524886 -0.449724 0.296413 -0.362370 -0.519729
-0.260377 -0.114912 0.412726 0.016823 0.264294 -0.027531 -0.813725 -0.124988
-0.413665 -0.731389 0.120801 -0.112461 0.012470 -0.159734 0.485211 0.074958
-0.309681 -0.046765 -0.110183 -0.193349 0.753050 0.338325 0.093277 0.402677
-0.079315 0.211017 0.166331 -0.015875 0.371555 0.084517 -0.739776 0.478336
0.384133 -0.443636 0.721975 -0.092007 -0.065723 0.215567 0.079607 -0.262293
-0.273313 0.063014 0.041192 0.525294 0.026727 0.372063 -0.428870 0.566246
0.141956 -0.237827 0.662665 -0.084960 -0.330338 -0.420745 -0.426263 0.095411
0.199119 -0.015176 -0.328451 -0.376854 -0.222585 -0.741653 -0.075481 -0.323947
0.505777 0.179762 0.828551 -0.026455 0.111060 0.045878 -0.027569 0.097396
0.303605 -0.643180 -0.127462 0.053644 -0.434245 0.287271 -0.437120 0.113415
-0.164718 0.223594 -0.326610 0.559213 -0.511986 -0.246802 -0.072938 -0.418483
-0.051673 -0.376233 -0.196234 -0.372698 0.809749 -0.127641 -0.078447 0.015298
0.307006 -0.458851 -0.417485 0.556225 -0.046709 -0.097738 -0.274639 0.352662
0.324325 0.160185 -0.493415 -0.244174 0.191641 -0.443492 0.439166 0.373904
-0.486081 -0.325525 0.333707 0.183052 -0.062884 0.455210 -0.533925 -0.129056
0.339391 -0.386002 -0.114130 -0.691759 -0.027563 0.079786 0.266756 0.407411
-0.286194 -0.127015 0.570031 0.058077 -0.309692 -0.237634 0.538869 0.361800
0.085177 0.613605 -0.472409 0.410845 -0.184810 -0.333841 -0.229445 0.161337
-0.046128 0.608330 -0.198804 -0.376921 -0.484873 -0.334086 -0.281416 0.142521
-0.509592 -0.211027 -0.624694 -0.263179 0.378395 -0.031169 0.024996 0.302501
0.075981 -0.048468 0.326756 0.586908 0.426638 -0.200696 0.547086 -0.138043
-0.548384 0.131197 0.170338 -0.178394 -0.092137 0.071921 0.556146 -0.546140
-0.259298 0.034437 -0.670483 0.238663 -0.126098 -0.562200 0.128001 -0.276992
0.327953 -0.188065 -0.057314 0.085775 -0.833341 0.321389 -0.042369 0.216572
-0.014786 -0.527396 0.139012 0.061413 0.313604 0.305056 -0.624508 0.342243
0.155866 0.838140 -0.169254 -0.042886 0.236985 -0.050457 -0.148647 0.402428
-0.766990 0.064600 0.333499 0.170708 0.125538 0.310468 0.061870 -0.388870
0.292718 0.135505 -0.501517 0.264656 -0.203366 -0.299320 -0.592895 -0.303195
-0.171212 -0.293832 -0.205290 -0.196617 -0.640056 0.555562 0.285373 0.061640
0.597374 -0.099293 -0.142498 0.224754 0.319529 -0.117555 0.577945 -0.335464
0.189266 -0.038716 -0.203002 -0.573018 0.367802 -0.620345 -0.268883 0.026896
-0.196252 0.143805 0.097352 -0.824551 -0.016403 0.484403 -0.127324 -0.018068
-0.173470 0.309421 -0.322210 -0.405040 -0.220897 0.665630 -0.323489 0.098985
-0.404734 0.416018 -0.223387 0.039450 0.415214 -0.533916 0.383053 -0.086435
0.542270 -0.098616 -0.232553 0.119788 -0.396781 0.207843 0.604611 -0.248207
0.590441 -0.506569 0.315524 0.003388 0.309367 -0.409177 0.026210 -0.177166
-0.163931 0.445492 -0.102235 0.781448 -0.154337 0.145744 0.284329 -0.166301
-0.550537 -0.188514 -0.450426 -0.577252 -0.281363 0.166640 -0.132675 0.027172
-0.394637 -0.183501 0.085270 0.295840 -0.171592 0.776798 0.260995 -0.121769
0.378087 0.070123 -0.470939 -0.314844 -0.530695 0.014647 0.377929 0.326419
0.283316 0.107466 0.322073 0.193229 -0.820904 -0.253150 -0.129888 0.110838
0.232561 -0.423738 -0.018491 0.282259 0.720463 0.001032 0.162886 -0.375177
-0.483533 -0.089507 -0.037090 0.171618 -0.140702 -0.217857 -0.697060 0.417390
0.410213 -0.078607 0.231588 0.196784 -0.551813 -0.242937 0.592942 0.134541
0.553478 -0.635097 0.042463 0.243215 0.214675 -0.029406 -0.426669 -0.019105
-0.494663 -0.448126 0.431359 0.355295 -0.203390 -0.419421 0.094548 -0.126396
0.467310 0.062622 -0.068264 0.085500 0.413035 -0.382872 -0.646239 0.175849
-0.066892 -0.535016 0.073963 -0.311394 -0.052433 0.103152 -0.094868 -0.764501
-0.321792 0.323612 0.294629 -0.371251 -0.100883 -0.352747 -0.622711 0.211485
0.486986 -0.035912 -0.352133 0.092715 0.674239 -0.407365 0.078229 0.048030
-0.226523 -0.735460 0.290066 -0.011512 0.093035 0.560875 0.013674 -0.009843
0.192566 0.367207 -0.291198 0.068397 -0.633785 -0.162019 -0.117384 0.544887
-0.321627 0.546190 0.234714 -0.065812 -0.268010 -0.336394 -0.435982 -0.404663
-0.106980 0.748274 -0.096211 0.167930 -0.139717 0.243437 0.534341 0.163975
0.362843 0.177525 -0.007127 -0.061255 0.090251 0.672019 0.601506 -0.107103
0.076459 -0.669073 -0.481633 0.183333 0.194529 -0.085993 0.415871 0.250472
0.067841 -0.369636 -0.176394 0.315955 0.014723 -0.240183 -0.812997 0.094670
0.321705 0.220925 -0.243883 0.352037 -0.212281 0.178323 -0.115861 -0.757634
0.567784 -0.093220 0.500309 -0.137939 -0.432021 0.122521 -0.419335 0.148685
0.159105 -0.093868 -0.375686 0.062061 0.519818 0.232815 0.702352 0.056388
-0.082781 0.151307 -0.350944 -0.687917 0.383105 -0.155449 0.220183 0.393013
0.508274 -0.553700 -0.427153 -0.297603 0.331706 -0.222699 0.066263 -0.006367
0.663097 -0.131501 -0.004013 0.339016 0.059142 -0.567204 0.315331 0.058450
-0.084229 -0.225359 0.375921 -0.104494 0.639369 -0.045536 -0.156198 0.595509
-0.182402 0.088576 0.230367 0.576905 0.463035 -0.136271 0.056028 0.580429
-0.123235 0.280843 0.049145 -0.694580 0.620559 -0.001749 -0.078812 -0.172580
0.109625 -0.232235 -0.203964 0.535892 -0.009690 -0.060712 0.774645 -0.037667
0.269555 -0.007564 -0.590460 -0.440295 0.307863 -0.151667 -0.382686 -0.347214
0.051771 -0.391450 -0.688856 -0.416404 0.115210 -0.071013 -0.313349 0.282267
0.417801 -0.456062 0.598666 -0.068769 0.158276 -0.132541 -0.169696 0.427680
-0.063770 -0.049519 0.293735 0.832155 -0.010889 -0.186282 -0.032911 -0.422878
0.052368 0.006092 0.265175 -0.134918 0.526543 0.266740 0.706804 -0.246449
-0.162731 0.275035 0.225785 0.135878 0.052481 -0.550239 0.254961 0.676698
0.072929 -0.209309 -0.184779 0.646640 0.006237 0.222617 0.178686 0.645806
-0.002548 -0.146795 0.232297 -0.281214 -0.443274 0.225356 0.399555 0.662183
-0.192262 0.351694 -0.100153 0.287566 0.239566 -0.389553 -0.732698 -0.025335
-0.016206 0.330703 -0.503160 -0.660488 0.268799 0.280424 0.169154 -0.146496
-0.125216 -0.073134 -0.373404 -0.528759 -0.040099 0.353525 -0.378586 -0.538563
-0.561524 0.452832 0.092460 -0.248047 -0.247738 -0.573563 0.016066 0.137681
-0.839811 -0.166540 -0.148801 0.011986 0.321312 0.040581 0.337892 0.160143
0.027299 0.270567 -0.076700 -0.098343 0.513956 -0.183586 0.134589 0.771059
-0.709537 0.347186 0.259117 -0.234009 0.170420 0.189380 0.418579 0.118370
0.494163 -0.058701 0.473385 -0.046336 -0.157171 0.559869 0.100754 0.421688
-0.499566 0.091307 0.552330 -0.144351 -0.334118 0.524128 -0.076986 -0.154682
-0.451153 -0.020979 -0.202741 0.136823 -0.251081 -0.087024 -0.762986 -0.288860
0.649026 -0.093939 0.209999 -0.202336 0.356131 0.343828 0.464264 0.155953
0.605725 -0.239003 0.492477 0.332929 0.074599 0.067646 0.452888 0.085801
-0.310846 0.608776 -0.293772 -0.100539 0.082448 0.042755 -0.626159 0.188859
-0.051198 0.264160 -0.214735 -0.761748 -0.413672 0.081428 0.081615 0.341789
0.063431 0.053206 0.005301 -0.299562 0.237004 0.212268 0.635577 0.631031
-0.439933 -0.013201 0.008183 -0.501112 -0.136728 -0.333244 0.388506 0.523858
-0.547276 -0.075679 0.034934 0.581096 -0.347074 0.101055 0.299455 -0.368146
0.726747 0.239544 -0.267378 0.435178 0.013563 0.026129 -0.313899 0.232806
0.108778 -0.666420 0.423088 -0.238177 -0.068743 0.198726 -0.496198 -0.133778
0.170624 -0.565529 0.159891 0.408761 0.043759 -0.615834 -0.262024 0.092743
-0.212812 0.350964 0.330071 -0.040395 0.177968 0.756931 0.249757 -0.232313
-0.429700 -0.382458 0.019106 -0.260737 0.296060 0.356885 0.381276 -0.490256
0.050541 0.428735 -0.283284 -0.356629 0.430867 0.421224 -0.221471 0.440548
-0.610767 0.295556 0.095760 0.057847 -0.476949 0.153571 -0.241347 -0.466680
-0.158165 -0.631591 -0.123085 -0.052524 -0.295944 -0.507008 0.201222 -0.415987
-0.015848 0.058878 -0.442902 0.080600 0.195303 -0.015010 0.376437 -0.783300
0.294779 -0.043140 0.521839 -0.235924 -0.714166 0.161522 0.212054 -0.046758
-0.038177 0.168258 0.436820 -0.468232 -0.480370 0.348642 -0.215565 0.401768
0.480394 0.168537 0.060758 -0.301281 -0.390126 0.474465 0.165547 -0.491571
0.377012 -0.273780 -0.273729 0.072539 -0.075194 0.475588 0.515195 0.453277
0.201956 -0.390679 -0.111646 0.034770 0.580811 -0.464756 -0.371212 -0.319030
-0.449165 0.265971 0.142200 -0.007272 -0.275852 0.358063 -0.671855 0.227055
-0.209658 -0.138737 -0.225908 -0.236009 -0.645127 -0.624366 0.151861 -0.031430
0.277942 -0.602592 0.129719 0.149419 0.139119 0.282310 0.627705 -0.165583
0.093929 -0.063582 0.026963 -0.670879 0.463815 0.400057 0.395456 0.069151
0.411055 0.668168 -0.127227 0.062858 -0.046398 0.488165 -0.350681 0.031920
0.287676 0.280845 -0.557254 0.360246 0.023759 0.294080 0.499941 -0.247139
0.141937 0.422751 -0.174908 -0.264287 -0.742122 0.325849 -0.175537 0.113878
-0.255375 -0.532321 0.547636 -0.313140 0.022157 0.073772 0.145607 0.475744
0.046200 0.678502 0.603056 0.275777 -0.041168 0.105952 0.173532 0.233976
-0.070945 0.466723 0.157452 -0.125430 -0.257544 0.633169 -0.297840 -0.425064
-0.102137 0.664335 0.290035 0.458238 -0.397919 -0.082723 -0.044957 -0.294837
-0.069801 -0.755206 0.248723 0.418932 -0.368969 0.032842 0.209809 0.078706
-0.576069 0.310747 0.148604 0.248781 0.229245 -0.483993 -0.261063 0.364228
0.309050 0.412049 0.476658 0.237638 0.502333 0.294327 0.334240 0.018971
0.233343 0.238710 0.227345 0.158158 0.602229 -0.588373 0.262610 -0.184526
0.215374 -0.371798 0.188133 -0.135527 0.418575 0.550634 0.195707 -0.494895
-0.318758 0.433231 -0.078919 0.229229 0.186285 0.328625 0.207611 0.682745
0.031429 -0.343609 -0.315703 0.395515 -0.138081 -0.674012 0.290808 0.258696
0.343492 0.067226 0.309910 0.262424 -0.082939 -0.570105 0.345641 -0.511105
0.338385 0.639874 -0.293316 -0.187861 0.395071 0.236541 0.196905 -0.322392
0.086064 0.114958 -0.720329 -0.117237 0.656033 0.092317 0.087147 0.016473
-0.655527 0.121597 0.323438 -0.191094 -0.309160 0.007191 -0.081350 0.558681
0.324740 -0.377744 0.053374 -0.282851 -0.653080 -0.296706 0.202318 0.336938
0.020444 -0.373414 -0.085453 0.135023 -0.184715 0.326278 -0.748110 -0.366569
0.816940 0.186853 -0.143648 -0.241017 -0.088984 -0.153230 0.429433 -0.056303
-0.384049 0.200911 0.538693 0.120659 0.387860 -0.518740 0.294694 0.032139
-0.060661 -0.315683 -0.679374 0.233939 -0.429498 -0.175072 -0.389179 -0.117556
0.508091 -0.195895 -0.664458 0.119388 0.256983 0.033840 -0.424884 0.002492
0.060119 0.747704 -0.157085 -0.057723 0.003412 -0.455934 0.425482 0.142835
0.038534 -0.416237 -0.257555 0.025570 0.431751 -0.017108 -0.022869 0.755684
0.447860 0.169386 0.540159 -0.049776 0.107672 0.577706 0.125130 -0.339845
0.112723 0.516451 -0.286815 -0.007270 -0.493273 -0.561682 0.048680 -0.277649
0.228122 0.210591 0.185534 0.192199 0.747918 -0.066628 -0.421972 -0.300634
-0.706066 0.116352 -0.410528 0.256536 -0.436360 -0.191679 0.120320 0.109419
-0.225360 0.637343 0.070332 -0.165871 0.002562 0.027016 0.061763 -0.711342
-0.401603 -0.378822 -0.074522 0.043025 0.163843 0.527826 0.359050 0.503440
-0.038443 -0.005615 -0.458606 -0.670268 -0.209184 -0.387769 0.375743 0.060105
0.275267 0.298923 0.143399 -0.522146 -0.231119 -0.187582 0.602762 0.299592
-0.236929 -0.131388 0.248214 0.295400 0.632725 -0.374442 -0.446050 0.195523
0.193010 0.321905 -0.132237 0.413746 -0.128187 0.012470 -0.737823 0.330890
-0.454948 -0.299335 0.337233 -0.031394 -0.527162 0.046639 0.042163 -0.553953
-0.197223 -0.326494 -0.196627 -0.502335 -0.036157 0.029825 -0.061003 0.746722
0.655197 0.397655 -0.098458 0.003748 0.131823 -0.400182 -0.029567 0.473808
0.623706 -0.361209 -0.349002 -0.339899 -0.094705 0.206043 -0.321049 -0.297820
-0.387240 0.439844 0.067470 0.331056 -0.466925 -0.302043 -0.455168 0.161292
0.146525 0.149504 -0.209769 0.725283 -0.543536 0.029026 -0.265279 0.139657
0.203636 0.530035 -0.189031 -0.307372 0.653520 -0.335256 0.087127 0.017858
0.028032 0.444136 -0.045823 -0.467711 -0.072610 -0.388512 -0.006583 0.651811
0.234955 0.332301 -0.364074 -0.074185 0.234737 -0.596945 0.213897 -0.489010
0.525595 0.096149 0.019197 0.068053 -0.519400 0.368618 -0.464082 -0.297473
-0.245575 0.080745 0.802961 0.029647 0.257248 0.146337 0.390512 -0.217857
0.338725 -0.170027 0.025847 -0.531926 -0.538022 0.478966 -0.224839 -0.057650
0.783662 0.210640 -0.161711 -0.175512 -0.270011 0.404768 -0.061056 0.209966
-0.213909 0.228975 0.403769 0.448946 -0.282603 -0.084841 -0.154162 0.653001
-0.195334 -0.032155 -0.050245 -0.619480 0.486629 -0.024618 -0.403325 0.417677
-0.085423 0.025272 0.446774 -0.612706 0.110807 -0.582576 -0.227374 -0.116989
0.257077 0.568155 0.324046 0.070736 0.108216 0.203851 -0.332669 -0.580667
-0.521817 -0.005890 -0.098997 -0.332298 -0.630485 -0.217937 -0.381281 0.130672
-0.012580 0.017957 0.259761 -0.198066 -0.048955 -0.520196 -0.154400 -0.772000
0.341646 0.074579 -0.157039 0.181118 -0.354726 -0.656334 -0.486097 0.165425
0.403144 -0.345792 -0.081183 -0.151277 0.174706 -0.274806 0.152107 -0.747839
0.016137 0.357842 -0.186220 0.640070 0.258571 -0.056750 0.513286 0.306246
-0.018007 0.154056 -0.501729 -0.142574 -0.225308 -0.240354 -0.185900 -0.748865
0.069475 0.052458 0.531340 -0.144898 0.027808 0.119201 0.062731 -0.818656
0.299526 0.195868 -0.803963 -0.262253 0.001028 0.342354 -0.108924 0.166510
-0.485573 -0.388163 0.364658 -0.200722 -0.285926 0.360087 0.477878 0.022495
-0.730205 0.252711 -0.427473 -0.344157 -0.039314 -0.173690 0.264143 0.016850
-0.367489 0.156878 -0.679818 -0.170090 -0.239524 0.435051 0.311318 0.075560
0.023683 0.044068 -0.491388 -0.040252 0.437674 0.603834 0.195605 -0.399983
-0.287583 -0.585051 -0.035158 0.414964 -0.231224 0.311933 -0.392418 0.311205
0.047601 0.185874 0.304304 0.359365 -0.099177 0.167878 0.537966 0.643445
0.071488 0.312099 0.284876 -0.077738 -0.483285 -0.204879 -0.521243 0.512895
-0.346317 -0.100329 -0.201934 -0.374784 0.149608 0.357278 -0.725984 0.108094
-0.211409 -0.205564 -0.065961 -0.660393 -0.398655 -0.277865 -0.177753 -0.452625
-0.131455 0.225058 0.214453 -0.281309 -0.690974 -0.310797 0.173878 0.450197
-0.321200 -0.474718 -0.140231 0.376696 0.479511 0.210047 0.481950 -0.059930
-0.517380 -0.042830 0.277049 0.002625 0.280228 -0.002013 0.314866 0.689970
-0.380279 0.233894 -0.594629 -0.079467 -0.483535 0.189872 -0.367617 0.189185
-0.577611 0.488358 -0.084755 -0.362174 -0.037843 0.445559 0.070006 -0.290987
0.017384 -0.665769 -0.223571 0.490424 0.070241 0.499581 0.089537 0.058548
-0.084051 0.685740 0.260427 0.125764 0.489718 -0.212808 0.309004 0.241813
0.126041 0.462002 0.038891 -0.175048 -0.652792 0.009210 -0.114613 -0.546958
-0.335294 0.272987 -0.476854 -0.018931 -0.342672 -0.527129 -0.430666 -0.067512
0.462516 -0.520171 -0.371864 -0.156897 0.137463 0.405990 -0.182389 0.368268
0.751659 0.273841 -0.187560 0.149214 0.079536 0.409845 0.104009 -0.342736
-0.143571 -0.162508 0.086147 -0.606013 0.365657 -0.116719 -0.506310 -0.417894
-0.257436 0.060888 -0.109627 0.344569 0.205003 0.414296 0.625678 -0.440617
0.591693 0.022492 0.241995 0.174473 0.524368 -0.074564 0.024828 0.528454
-0.709435 0.110115 -0.477872 0.193724 0.293677 -0.320879 -0.169291 0.028761
0.171077 -0.237901 0.688224 0.173442 -0.453242 0.007795 0.097463 0.442065
-0.698219 -0.603586 0.093022 0.283375 0.044639 0.159340 0.012311 -0.178033
-0.306901 0.427524 -0.456048 -0.224199 0.452718 -0.167012 -0.039381 -0.480000
0.018391 -0.240589 0.517121 -0.487440 -0.002727 0.629027 0.190213 0.070067
-0.296141 -0.026882 0.088130 -0.161522 0.354177 0.614931 -0.315522 -0.524017
-0.081044 -0.002343 0.436363 0.183536 0.858196 -0.077070 0.140317 -0.084906
-0.385421 -0.268335 -0.042153 0.237900 -0.484564 -0.380275 0.578779 -0.081760
-0.694996 -0.225269 0.023626 -0.402173 -0.386187 -0.220362 0.308397 -0.105520
0.239807 0.172342 -0.501874 0.448469 0.361539 -0.025115 -0.150634 0.552963
0.326216 -0.879047 -0.185809 -0.051328 -0.124890 0.062810 0.117869 -0.224215
0.483380 0.348219 -0.255609 -0.582592 0.091371 0.157483 0.214006 0.401744
-0.361723 0.726943 0.254011 -0.263558 -0.403516 0.122049 -0.153846 0.073129
-0.612728 0.088061 -0.309346 0.214749 0.437642 0.229040 0.048515 -0.478193
-0.214299 0.584054 0.306726 -0.232424 -0.125246 -0.056132 0.460753 0.483459
-0.658323 -0.490881 -0.034366 -0.060124 -0.299201 -0.011758 0.076218 0.474750
0.007538 -0.038418 -0.219976 0.178633 -0.685935 0.032620 -0.656352 0.125747
0.470947 -0.281590 0.157494 -0.265560 -0.480211 0.020087 -0.197730 -0.577489
0.255167 0.642291 0.079002 0.157742 -0.192294 0.405513 0.321044 -0.432144
0.269448 0.579109 -0.623349 0.174390 0.307796 -0.061174 0.197728 0.188404
-0.040126 0.257627 0.012330 0.188356 0.096065 0.477742 -0.795202 -0.163050
0.870772 -0.244086 -0.161942 0.268957 -0.107032 -0.022860 -0.020953 -0.266855
-0.328268 0.022032 -0.102192 -0.004010 -0.173990 0.396002 0.107153 -0.826276
0.524989 0.106869 -0.648124 -0.296355 0.058973 -0.060085 0.247400 -0.369847
-0.526801 -0.355145 -0.022077 0.354963 0.171806 -0.474958 -0.441610 -0.140541
0.112364 -0.544331 -0.301559 -0.028747 0.615505 0.417387 0.187652 0.105115
-0.362308 0.283895 -0.024050 0.396644 -0.318500 -0.688821 0.212702 -0.095293
-0.588687 0.089484 -0.017902 0.067120 -0.346216 0.136306 0.549710 0.447208
-0.403187 -0.087240 -0.392130 -0.040876 -0.660861 -0.020948 0.258234 -0.412966
0.336293 0.303478 0.642067 -0.117361 -0.347198 -0.286178 -0.200485 -0.355182
0.364214 -0.576273 0.146918 0.564804 0.051621 -0.149254 0.199441 -0.360498
-0.244955 -0.247731 0.409491 -0.307525 -0.260351 -0.177499 -0.598227 -0.399014
0.457336 -0.160688 -0.185206 0.618178 0.303156 0.244920 -0.342963 -0.281201
-0.397924 -0.169238 -0.635434 -0.214938 0.224917 -0.134124 -0.462615 -0.283656
0.559171 0.585229 0.272332 -0.128217 0.068222 -0.472587 0.141457 -0.079001
0.009362 0.263782 -0.009199 0.346897 -0.401966 -0.065902 0.553233 -0.581318
-0.089726 -0.117576 -0.086417 -0.138739 0.067644 -0.591389 -0.655036 -0.409911
-0.121204 -0.236348 -0.513543 0.390049 -0.602243 0.360448 0.011857 0.144347
0.591993 -0.065715 0.053334 -0.463441 0.312574 -0.464888 0.256746 0.218793
0.157430 -0.606568 -0.013910 -0.488629 0.084175 -0.443507 -0.191539 -0.357599
0.816758 0.287527 0.313043 0.233446 -0.293345 -0.014338 0.104389 -0.024473
-0.845058 0.434937 -0.048193 -0.070116 -0.022742 0.091566 -0.261553 0.110304
0.250934 0.508517 -0.229279 0.058556 -0.107629 -0.073492 0.389939 0.673362
-0.400338 0.226371 0.334773 0.481554 0.279975 0.496958 0.255336 0.232328
0.119324 0.225016 -0.188107 0.796555 0.157690 0.452690 -0.102604 0.157901
-0.129520 -0.393526 0.176790 -0.566665 0.479467 0.438581 -0.231591 0.011329
0.176832 0.140545 -0.139223 -0.068710 -0.293676 -0.620957 0.644099 -0.195407
0.325631 -0.195623 0.112865 0.261038 -0.061968 0.239707 0.386511 -0.751090
0.052874 0.546071 -0.348891 -0.052133 0.042322 0.731977 0.165520 0.097979
0.085615 -0.248627 -0.430439 -0.404116 -0.518036 0.279988 -0.272349 0.401684
0.408698 0.472911 -0.387455 -0.272901 -0.179331 -0.027165 -0.472563 0.358500
-0.283562 -0.197040 -0.289828 0.286216 0.445323 -0.714811 0.074445 -0.006940
0.283850 0.585821 -0.095337 -0.102015 0.109018 -0.573638 -0.459507 -0.068313
-0.906387 -0.187792 0.029788 -0.128266 -0.116644 -0.054435 -0.315171 -0.099821
0.306746 0.089082 0.018118 -0.089390 -0.297025 0.570898 -0.542438 0.425762
0.469838 0.674227 -0.412643 -0.097773 -0.331603 0.055147 0.168848 0.057718
-0.196879 -0.024738 -0.315640 0.586868 -0.184120 -0.593415 -0.342668 0.114579
0.010731 0.498306 0.645618 -0.434185 0.084995 0.372602 0.013728 -0.001577
-0.187726 0.793392 -0.429642 -0.294229 -0.147225 0.171481 0.008435 0.113937
0.751834 -0.279622 0.183841 -0.265927 0.073090 0.153501 0.247452 -0.402389
-0.316857 -0.101118 0.128217 0.639087 -0.163863 -0.260402 0.473369 0.381805
-0.301573 0.393630 -0.370502 -0.538346 -0.437457 -0.046650 0.044820 -0.362599
-0.353780 -0.370089 0.261510 0.397577 0.482339 0.385615 -0.115647 0.341619
0.055851 0.400151 -0.161307 0.689696 0.070500 -0.048944 -0.452229 -0.350983
-0.218118 -0.517578 -0.045526 0.195411 -0.270595 0.213215 0.549024 -0.473472
0.179249 -0.041544 0.588822 0.559637 0.167752 0.310737 0.000627 0.426085
0.140290 0.209045 0.214803 0.084127 -0.354479 -0.185025 -0.828834 -0.191187
0.093796 0.152525 0.225508 -0.139946 -0.430736 0.840400 0.063082 0.041508
0.291304 -0.422648 0.171150 -0.001666 0.649100 -0.185687 0.480629 0.142859
0.422583 0.370687 -0.150790 0.382680 -0.663977 0.127493 0.095149 -0.220605
-0.120859 0.066640 -0.074432 0.032959 -0.182535 -0.019013 0.067215 0.967542
-0.359313 0.301089 -0.712864 -0.055164 0.255909 0.386372 -0.230323 -0.034758
0.740700 -0.059352 -0.215538 -0.152623 0.139056 -0.487972 -0.224428 -0.265102
-0.745470 -0.247599 0.560111 -0.119285 0.165776 -0.082310 0.139812 0.034939
0.283184 -0.322171 0.364288 0.486880 -0.052742 -0.324183 0.244608 0.527783
-0.381367 -0.072567 0.099926 0.255533 -0.529337 -0.522861 -0.070350 0.464208
0.056983 -0.348628 0.336541 -0.207172 0.253750 -0.532010 -0.588911 0.157478
-0.051823 -0.334165 -0.734377 -0.129110 -0.110530 0.501177 -0.224679 -0.125707
-0.002510 0.496964 -0.199289 0.361226 0.518844 0.443021 0.342582 0.000924
-0.094150 -0.561085 0.078853 0.553851 0.450018 0.112211 -0.328119 -0.201467
0.379463 0.064051 -0.591118 0.669090 -0.101682 -0.195024 0.046413 -0.065493
0.586725 -0.128137 0.286164 0.301926 -0.384658 0.509857 0.154101 -0.186089
0.224881 0.000070 0.608334 0.130081 -0.093310 0.373393 -0.561857 -0.314062
-0.102114 0.028582 -0.545519 0.201927 0.137801 0.365000 -0.447412 -0.545900
0.242830 -0.330268 -0.165205 0.237301 0.770191 -0.028328 -0.298747 0.255177
0.082453 -0.436922 -0.339196 -0.398734 -0.243703 -0.110719 -0.634702 -0.231883
-0.431604 -0.016508 0.529498 -0.370098 0.571489 -0.097537 -0.244911 0.004523
0.627824 0.015665 0.089663 -0.038583 -0.496714 -0.494869 0.006552 -0.323126
-0.034032 0.727851 -0.007217 0.312506 -0.411481 0.226506 -0.202604 0.331210
0.139938 -0.466682 0.520826 0.117714 -0.170956 -0.346668 -0.104229 -0.563250
-0.421722 0.273004 0.434935 -0.357175 0.071967 0.221078 -0.494639 -0.363543
0.623026 0.151695 -0.053918 0.479004 0.065191 0.236018 0.492247 0.232859
-0.619659 -0.147156 -0.018898 0.209736 -0.607051 0.387844 -0.167022 0.056578
-0.130050 -0.344487 0.134518 -0.728690 -0.509011 0.074616 0.152436 0.165661
-0.255723 -0.114587 0.321226 -0.252371 0.019945 -0.339126 -0.361736 0.712987
0.220193 0.089693 0.486602 -0.381500 0.524272 0.327220 -0.208465 -0.368460
0.165964 0.312238 -0.054323 -0.385679 0.398549 -0.038399 -0.748334 -0.054402
0.091280 0.412583 -0.074696 0.375076 0.584227 -0.487478 -0.157425 0.267303
-0.397304 -0.101730 -0.640723 -0.346309 0.078562 0.169811 0.229959 -0.462022
-0.259518 -0.157916 0.198144 -0.090461 -0.040368 -0.864013 0.208591 -0.261955
0.164850 -0.495143 -0.121565 0.087192 0.364908 0.606265 -0.390994 -0.227365
-0.423701 0.182026 -0.297758 0.093293 0.397075 -0.008669 -0.319490 0.655876
0.405327 -0.041390 -0.232801 -0.376308 0.628254 -0.093202 0.336770 -0.348423
-0.025710 -0.428272 0.476494 -0.056159 -0.511901 0.525039 -0.148625 0.161029
-0.165514 -0.419898 -0.192684 -0.307877 0.448924 -0.176699 0.528881 0.389762
-0.074702 0.167702 -0.231571 0.243622 0.755877 -0.123047 0.417899 -0.303640
0.396418 -0.026525 -0.129832 0.635999 0.232076 -0.505028 -0.327281 -0.069142
0.415856 -0.531271 0.133100 0.279019 -0.102021 0.358862 -0.198247 -0.520352
-0.189427 0.284796 0.376160 0.446318 -0.080562 0.395362 0.135493 -0.600966
0.188371 -0.545029 0.060155 -0.560617 0.251663 -0.143621 0.479459 -0.188983
0.298660 -0.124160 0.200253 0.008806 -0.281705 -0.538249 -0.154135 0.679992
0.527857 -0.015084 -0.027584 -0.751792 0.348228 -0.005700 -0.152237 -0.103557
-0.246019 -0.364848 0.202056 0.793535 -0.027306 -0.175930 -0.172434 0.272798
0.148045 -0.089934 -0.412715 0.309453 -0.705704 -0.437932 0.088196 0.079529
0.363946 0.030896 -0.345805 -0.100699 -0.002029 0.740484 -0.375772 -0.217607
-0.306067 -0.168182 -0.362922 -0.163391 -0.708282 -0.081344 0.175834 0.424785
0.170427 0.480630 0.215335 -0.395523 -0.258669 0.247417 -0.639551 -0.001868
0.547687 -0.187952 -0.245430 0.372310 -0.167292 0.620656 -0.099757 0.206681
0.185535 0.646547 0.225778 -0.004844 -0.569726 -0.184098 0.370016 -0.034286
-0.286373 0.086162 -0.047775 0.519585 0.639198 -0.267782 -0.186739 -0.350956
0.252823 0.281808 0.134524 0.198319 0.487308 0.244314 0.252684 -0.661995
0.412440 -0.028289 -0.439877 0.241660 -0.329765 -0.314171 0.258465 -0.550416
0.161793 -0.154594 0.001057 0.743783 -0.380847 -0.371802 0.311674 -0.127699
-0.216039 -0.023947 -0.292703 0.153444 0.789278 -0.266476 0.216898 0.320204
0.045054 0.046409 0.790629 0.294916 -0.270583 0.443244 0.091981 -0.074905
0.517252 0.505576 0.284813 0.391074 0.262869 -0.193255 -0.368521 -0.023275
0.268070 0.232838 0.632020 0.536657 -0.225537 -0.046315 -0.356940 0.077870
0.751133 0.184935 0.286380 0.053478 0.497771 -0.119500 0.125050 -0.197600
0.339488 0.377923 0.172824 0.507252 -0.359072 -0.570163 -0.025688 -0.009024
-0.044962 0.380038 0.375834 0.394661 -0.152016 -0.339164 0.646817 -0.006396
-0.108762 0.277891 0.836605 -0.096514 -0.167345 0.032137 -0.381381 0.165064
-0.521655 0.578743 0.611371 -0.011138 0.048514 -0.028528 0.008831 -0.125687
-0.314545 -0.370382 0.634710 -0.128951 0.228975 0.275718 -0.127358 -0.446913
-0.566946 0.034231 -0.246916 0.030647 -0.141981 0.620832 -0.359068 -0.284575
-0.013384 0.150287 -0.153420 0.331497 -0.454060 0.707682 -0.368018 0.037295
-0.053019 -0.163611 0.438686 -0.117463 -0.146808 0.522310 0.518519 -0.448290
-0.238670 0.473066 -0.457514 -0.197814 0.252801 -0.560916 -0.181800 0.243350
0.728088 -0.051096 -0.210430 0.213321 -0.507463 -0.190662 0.024105 0.288184
-0.300878 0.342487 -0.402642 0.424393 0.174105 -0.448158 0.147560 0.443875
-0.302779 0.142405 0.673194 -0.025371 -0.080604 0.395306 0.169775 0.492584
0.398391 0.028703 0.250173 -0.361362 0.513009 0.406066 -0.236999 0.403816
0.056249 0.056812 -0.233067 -0.690093 0.131615 -0.151739 0.141542 -0.634579
0.125794 -0.286531 -0.191157 0.711490 0.477811 -0.270731 0.197927 0.136197
0.059161 0.061594 0.290824 0.601333 0.431110 0.215479 -0.551608 0.099877
0.481733 0.387796 0.226095 -0.521207 0.274883 0.097220 0.376784 -0.260388
-0.597680 -0.067389 -0.169588 0.296496 0.365045 0.213939 -0.584814 0.023237
-0.080891 -0.323170 -0.024967 0.377953 -0.291300 -0.199948 0.015019 -0.787715
0.061998 0.219069 -0.186863 -0.452389 0.303518 -0.270705 0.729584 -0.104403
0.377360 -0.471615 -0.469893 0.378266 0.212841 -0.382361 0.047852 -0.278408
0.030791 0.311613 -0.731039 0.100375 -0.586724 -0.017379 0.080662 -0.080063
-0.159043 0.230455 0.512457 -0.180829 0.573212 0.399277 0.182443 0.324060
-0.528160 0.439330 0.108160 0.245824 0.294579 0.150277 -0.466309 -0.359323
0.218379 -0.317454 -0.390870 -0.155370 -0.378260 0.313457 0.148242 -0.641337
-0.165464 -0.487607 0.481517 -0.694571 0.014771 -0.028012 0.003814 -0.139873
0.157949 -0.216283 -0.710034 0.495252 0.261115 0.298965 0.111328 0.094360
0.297690 -0.038544 -0.056200 -0.363358 -0.738598 -0.225319 -0.418226 0.059237
-0.488969 0.331646 -0.231667 -0.465321 0.045049 0.322299 0.148457 0.502781
-0.704218 -0.232472 -0.267742 0.170177 0.013750 -0.215503 0.296314 -0.463645
-0.225497 0.372490 -0.615282 0.512739 0.353384 -0.080636 -0.011752 -0.193432
0.429864 0.375975 -0.104111 0.006165 0.554035 -0.042013 0.530998 0.268909
0.194566 0.103745 0.515414 -0.063829 0.052801 0.095559 -0.096480 0.812672
-0.109138 -0.087651 -0.596857 -0.367016 0.449112 -0.487074 0.160540 -0.157354
0.156768 0.601456 0.117762 -0.287215 -0.206079 0.375476 0.000541 0.577817
-0.658346 0.064531 -0.224262 -0.443639 0.438013 0.273144 -0.181034 -0.126801
-0.086970 0.220901 -0.333052 -0.035290 -0.465049 0.460448 0.243247 0.586540
-0.099575 0.242010 0.157994 -0.208571 0.394116 -0.285168 0.438213 -0.659078
-0.585677 -0.304069 -0.601254 0.370023 -0.049803 0.152191 -0.181367 -0.087039
-0.014533 -0.303080 0.291270 -0.430148 0.601732 -0.162540 0.130618 -0.482193
-0.300606 0.511310 -0.360724 -0.096982 0.204289 0.146655 0.581842 -0.326950
-0.559537 0.023932 -0.037089 0.655644 0.345743 -0.201995 0.300438 -0.067116
0.208046 0.338206 -0.511108 -0.270050 0.010409 0.284444 0.637452 0.144305
0.544140 -0.295729 -0.325831 0.107639 0.169587 -0.482440 -0.212134 0.438411
0.277878 0.225851 0.357158 0.662810 -0.409325 0.098771 0.325209 0.147796
-0.521082 0.058058 0.533024 0.033841 0.057008 -0.544641 -0.360183 -0.101160
0.102482 -0.128012 0.076622 0.404351 0.640446 0.276919 0.401276 0.394807
0.357336 -0.168411 0.004489 0.493727 0.356786 0.596822 0.302422 -0.158804
0.040807 -0.410146 -0.542696 -0.029566 0.038325 -0.646262 -0.339325 -0.021595
0.010328 -0.020891 -0.608741 -0.105398 -0.307457 -0.097065 0.661139 -0.277011
-0.516387 -0.260349 0.129987 0.213516 0.079186 -0.026689 -0.390283 -0.666169
-0.493856 -0.430302 -0.321723 -0.000240 0.359628 0.569585 -0.075172 -0.089657
0.194464 -0.220575 0.151703 0.089170 0.522372 -0.656243 0.031379 0.421971
0.387152 0.320844 0.064374 -0.014514 -0.572014 0.361938 0.462065 0.266688
0.485193 -0.217313 -0.160705 -0.667426 -0.296246 -0.194021 0.212651 -0.274709
0.281893 0.494135 0.123308 0.466550 0.145518 0.097597 -0.117318 0.631696
0.363830 0.207493 -0.088092 -0.461108 -0.240299 -0.286982 -0.506409 -0.455689
-0.483423 -0.109426 -0.338760 -0.467901 -0.010072 -0.623279 -0.140862 -0.110587
-0.034246 0.619503 -0.265258 0.148297 -0.391444 0.119800 -0.510659 -0.307154
0.350622 -0.307008 0.449582 0.146594 0.642610 0.377434 -0.054359 0.029104
0.213011 0.908973 0.074786 -0.221659 -0.084195 -0.063250 -0.082372 -0.236222
0.487673 0.238712 -0.147071 0.557675 0.605391 0.007005 0.077200 -0.007872
-0.597131 0.216271 0.137880 -0.730144 -0.085629 -0.101141 -0.152510 0.061044
-0.146754 0.223132 -0.171857 -0.096936 -0.390694 0.488931 0.613954 -0.348021
-0.051021 -0.577483 -0.066853 -0.411559 0.099318 0.456797 0.517470 0.061374
0.713906 0.162282 0.293850 0.320599 0.224446 0.418921 -0.165921 0.146568
0.402597 -0.264732 -0.498962 0.365183 -0.378923 0.287060 -0.243934 -0.316279
-0.221363 0.223431 -0.121280 -0.467978 -0.213293 0.124023 -0.494403 0.601717
-0.043763 0.244218 0.399220 0.189634 -0.670793 0.304074 -0.445012 -0.051504
0.239812 -0.443218 0.231209 -0.143372 0.315647 0.350249 0.244822 0.624339
0.178502 -0.715810 -0.066531 -0.133567 -0.033745 -0.252482 -0.408141 0.449481
-0.062169 0.587010 0.384413 -0.207757 0.093651 0.081871 0.629448 -0.221239
0.046239 -0.206960 -0.310063 0.009042 -0.034276 0.106822 -0.615094 0.684027
0.563277 -0.118349 -0.445273 -0.549051 -0.138480 -0.255480 -0.146129 0.251383
-0.330068 0.439922 0.166791 -0.108988 0.683012 0.246064 0.133301 -0.336172
-0.681742 0.211718 0.074599 0.574064 -0.068313 -0.245497 -0.195581 -0.228274
0.094958 0.365092 0.049810 0.200433 0.759790 0.215466 -0.181601 0.397940
-0.237258 0.345879 0.665475 0.140875 -0.411171 -0.413833 0.012504 0.144598
0.078958 -0.125088 0.049388 -0.110453 0.394288 0.882712 0.060254 0.158788
-0.224333 -0.307458 -0.312409 -0.082491 0.469235 -0.374236 -0.548083 0.300195
0.378122 0.417745 0.394780 -0.395577 0.350516 -0.101529 0.172871 0.455119
0.384876 0.178781 -0.737920 -0.007748 -0.131693 -0.472938 -0.120765 0.140475
-0.451263 -0.377218 -0.124029 0.447941 -0.591041 -0.191787 -0.204845 -0.099854
-0.464315 0.407134 0.115544 0.011455 -0.206969 0.672393 -0.030413 0.330620
0.542521 0.172741 0.225806 -0.469178 -0.073014 -0.455592 -0.402722 0.172175
-0.170742 -0.506701 -0.317805 0.279443 0.170227 0.328636 0.000753 -0.630907
0.346911 -0.182197 0.459696 0.531365 0.511843 -0.273012 -0.121290 0.039564
-0.313708 0.687792 0.020728 -0.550043 0.136196 -0.176169 0.264375 -0.077986
0.306435 0.022641 0.004511 0.392387 0.376572 -0.345496 -0.047833 -0.698675
0.039999 0.072118 -0.301440 -0.353194 -0.068243 -0.418146 -0.745730 0.204892
0.714028 0.384082 -0.282777 -0.232263 0.400564 0.036997 -0.211360 0.047435
0.029465 -0.106515 0.857003 0.006638 0.286609 -0.268167 -0.205913 -0.238410
0.097303 -0.291290 0.227493 0.256180 -0.456277 0.464581 0.582662 0.157444
0.147651 0.109894 -0.520058 -0.163074 -0.178698 0.235568 -0.760742 -0.054087
0.250171 0.495686 0.623724 0.284191 0.115500 -0.114561 0.170542 -0.407889
-0.459941 -0.278016 0.063612 -0.400149 -0.288511 0.551814 -0.073011 0.392353
-0.039613 0.027260 0.366870 -0.300097 0.088882 0.715158 -0.498077 0.074938
-0.261512 0.451061 -0.686903 0.353158 -0.093954 0.152122 0.142893 0.281466
-0.033322 -0.512734 -0.365780 -0.023642 0.308048 -0.159816 0.555874 -0.414992
0.437552 0.210786 0.197321 0.379151 -0.439603 0.264371 -0.193664 0.529893
-0.082049 -0.289610 0.228461 0.810745 0.094892 0.280404 0.330357 0.055970
-0.188092 -0.397821 -0.599680 0.203054 0.579476 -0.105369 -0.033040 -0.239868
-0.098389 -0.200490 -0.547249 0.006355 0.476804 0.374724 -0.423790 0.321329
-0.056287 0.292478 0.108358 -0.407388 0.193897 -0.769099 0.264854 0.185296
-0.303563 -0.456414 0.341550 -0.193952 0.615301 0.224067 0.333004 0.074678
0.106845 0.616405 0.522268 -0.446390 -0.191094 -0.276129 -0.053588 0.144822
-0.377456 0.325865 0.378788 0.235871 -0.348382 0.339390 0.559550 -0.050806
0.117357 0.064267 0.333717 0.044187 -0.305410 -0.777942 0.338387 0.236247
0.543291 0.055464 0.398477 -0.646424 -0.090701 0.267112 0.072931 0.200566
0.131448 0.013486 -0.351157 -0.411199 0.580256 0.456137 -0.349960 -0.151398
0.300072 -0.362006 -0.327116 0.092744 0.028246 -0.128250 -0.416304 -0.687573
0.329926 -0.383635 0.092410 -0.257377 -0.104089 -0.799774 -0.051681 0.126705
0.356274 0.291201 0.041071 -0.313469 0.476722 -0.302753 -0.228554 -0.563178
0.166706 0.498115 -0.400188 0.264602 0.475765 0.171776 -0.487719 0.014479
-0.194131 -0.553006 0.118908 -0.031682 -0.162410 -0.513675 0.223177 0.548923
0.289428 0.047307 0.456282 0.345141 -0.511998 0.032866 -0.009581 -0.568659
-0.297147 -0.342754 0.277589 0.004277 -0.814943 -0.014183 0.192247 0.125970
-0.538479 -0.571632 -0.263127 -0.389108 0.277450 -0.178121 0.055682 -0.225479
-0.117999 -0.367726 -0.151839 -0.058174 -0.110681 0.771624 -0.407404 0.225374
0.080701 0.728782 -0.050565 0.230091 0.480782 -0.171262 -0.060473 -0.377804
0.245317 0.036793 -0.194829 -0.277114 -0.822004 -0.080470 0.300499 -0.226409
-0.334525 0.340098 -0.385953 -0.118322 0.205837 -0.137692 0.602596 0.430148
-0.246216 -0.299276 0.853634 -0.092380 -0.321032 -0.014589 0.040514 -0.087636
-0.269827 -0.154362 0.270870 0.291943 0.581350 0.545583 0.161695 -0.288094
-0.199572 -0.119796 -0.190803 -0.395570 -0.064735 0.810371 0.153386 -0.261776
-0.574377 -0.507447 -0.355283 0.073087 -0.151041 -0.493576 -0.087717 0.083096
-0.312860 0.683277 0.225602 -0.180272 0.440350 -0.262129 -0.290464 -0.069867
-0.290660 0.055116 -0.592973 0.408173 -0.255868 0.332635 0.185496 -0.428657
0.247694 0.428813 0.079892 0.293449 -0.177530 -0.421101 -0.297515 -0.604096
0.057321 0.322875 -0.205090 0.126792 0.012892 -0.417037 -0.435178 0.686203
-0.106748 -0.380095 0.341066 0.323236 0.401304 -0.551636 0.011147 -0.397317
-0.720221 -0.085982 0.052450 0.132782 0.005699 -0.569170 0.279407 0.226854
-0.192773 -0.470549 0.254448 0.242788 -0.062558 0.103261 -0.033512 0.775917
-0.289913 0.150753 0.704487 0.593775 0.021881 -0.062767 0.180371 0.086097
-0.318342 0.226275 0.139369 0.162998 0.474208 0.077953 0.725306 0.210848
0.009948 0.338103 0.669467 0.182266 0.494183 -0.104580 -0.239890 0.302468
0.358625 0.367756 0.087641 -0.460526 0.187260 0.690270 -0.059912 -0.035502
-0.340760 0.315271 -0.158967 -0.475375 -0.271534 0.043258 -0.610317 -0.291815
0.031639 -0.477426 -0.183147 0.764206 -0.190744 0.046039 -0.255657 -0.222846
-0.217852 0.450746 -0.322802 -0.261858 -0.509060 -0.111984 0.520737 0.183732
0.893809 -0.196561 0.091296 -0.198050 0.146958 0.007180 -0.152677 0.264499
0.333852 0.353400 0.206712 0.612824 -0.167567 0.408206 -0.291586 -0.256209
-0.073826 -0.770200 0.004052 0.220122 -0.156157 -0.219391 -0.398495 -0.348658
-0.141463 -0.038503 0.315000 0.427215 -0.376348 -0.574409 -0.386301 -0.275621
-0.131497 -0.068057 -0.317309 0.697177 0.396346 -0.132009 -0.423116 0.194424
-0.084796 -0.288453 -0.306122 -0.882422 0.167973 -0.050116 -0.041498 -0.069188
0.062540 -0.231175 -0.014232 0.392102 -0.619866 -0.022723 0.254773 0.582279
0.029361 -0.083228 -0.309882 0.734334 0.277053 0.104992 0.230002 -0.465043
-0.320021 0.134757 -0.113674 -0.710637 -0.063751 0.184301 0.558055 -0.109782
-0.215673 -0.123483 0.416613 -0.405951 0.180148 -0.023865 0.733381 0.170329
0.142598 -0.093422 0.634704 -0.528020 -0.278568 -0.234339 0.016668 0.395600
0.065570 -0.741066 -0.022665 -0.112885 -0.328390 0.308796 0.170870 0.448199
-0.110776 -0.408497 -0.582322 0.098012 -0.114827 0.377243 -0.005698 0.562700
0.171214 0.048600 -0.614294 0.267134 0.292181 -0.378874 0.532723 -0.083135
0.063764 0.585542 0.092628 -0.533427 -0.320948 0.405596 0.300107 -0.048779
0.432179 -0.695317 0.196061 -0.354111 0.343813 0.216858 0.022884 0.013177
0.239514 0.144973 -0.000069 -0.167086 0.871457 0.327414 0.150943 -0.065451
-0.061117 -0.766516 -0.139959 -0.039113 0.365667 -0.499580 0.033885 0.056308
0.609681 -0.268458 0.255522 -0.173845 0.059180 0.593861 -0.319055 -0.052414
0.386606 -0.467104 -0.670763 -0.092648 -0.363490 0.136930 0.131967 0.074598
0.395452 0.063367 -0.130590 -0.237120 0.181934 0.323061 -0.195482 -0.768537
-0.438834 -0.111005 -0.071775 0.720539 0.122701 0.441269 -0.138709 -0.204370
0.019246 -0.165980 -0.292941 0.115524 0.488507 0.040853 -0.754097 -0.252905
0.022416 -0.114642 0.153373 -0.024700 0.010217 -0.182426 0.874173 -0.405792
0.135176 -0.334745 0.147237 0.456125 -0.495953 -0.229416 -0.434346 0.390760
-0.596066 0.344103 -0.538826 0.016320 -0.151219 -0.030588 -0.186754 -0.420746
0.264791 -0.084853 0.136084 -0.427815 0.063011 0.316195 -0.703349 -0.350002
0.087461 -0.508316 0.256738 0.249409 0.035721 -0.506383 0.589946 -0.010889
0.585172 -0.514214 0.365597 0.260473 -0.428958 -0.069741 -0.052751 0.002781
-0.084879 -0.033485 -0.292519 0.417108 0.738254 0.388630 -0.141624 -0.126596
0.275966 -0.106648 0.732565 0.420061 -0.142995 -0.400301 0.114343 -0.074907
0.676142 0.463208 -0.315707 0.244450 0.061370 -0.324102 -0.021399 -0.244119
0.264907 -0.480958 0.501194 -0.254159 -0.171146 0.060606 0.561307 0.186247
-0.004981 -0.149948 0.325629 0.417772 0.094873 0.783415 -0.269010 -0.042733
-0.236318 -0.236398 -0.402150 -0.415243 -0.195093 0.171227 0.543891 0.436954
-0.408807 0.451831 0.240918 -0.399683 0.343543 0.370558 -0.325464 0.222911
-0.244636 -0.229121 0.706793 0.221390 0.069968 -0.367614 -0.107317 0.433062
-0.588966 0.151384 0.539936 0.204298 0.195013 0.125851 -0.389278 0.302550
-0.770856 -0.147982 -0.222259 -0.089460 -0.235721 0.392051 0.299522 -0.165870
-0.208742 -0.440880 -0.190824 -0.542591 -0.256143 -0.003960 0.461833 -0.390292
-0.519461 -0.158752 0.487105 0.160460 -0.471177 -0.101200 -0.444798 0.108896
-0.576899 -0.304297 0.049164 -0.641838 0.193453 0.129458 0.229298 0.231220
-0.244045 0.003538 0.389303 0.623116 -0.625436 -0.081827 0.043991 -0.028508
-0.130362 0.449691 0.472399 0.459607 0.253158 -0.435090 -0.218841 -0.212389
-0.095754 0.592500 -0.161078 -0.327661 0.324988 0.373756 -0.386688 -0.334121
-0.403955 -0.087613 0.086805 -0.651570 0.256159 -0.431475 0.315965 -0.213195
0.065819 0.416710 0.294222 -0.680458 -0.052819 0.014651 -0.146734 -0.497900
0.069121 0.436660 0.600352 -0.342446 0.435911 -0.250996 0.135945 -0.235310
-0.018626 -0.351458 -0.527003 0.071051 -0.056101 0.544652 0.526438 -0.128168
0.427877 -0.162073 -0.270429 -0.370768 0.604781 0.080907 0.118980 0.440001
0.006961 -0.025785 -0.126378 0.008320 -0.335000 -0.359217 0.683304 0.524487
0.103374 0.171015 -0.567044 0.171098 0.433366 -0.519791 -0.337398 -0.193482
-0.113779 0.479608 -0.074196 0.438504 -0.514426 -0.278038 0.305597 0.352024
0.459670 -0.105852 0.504255 0.026193 0.338023 0.059228 -0.632854 0.065373
0.512633 -0.665234 0.020394 -0.045013 0.004793 -0.272442 0.288377 0.367190
-0.247689 -0.196749 0.072469 -0.347334 -0.564276 0.375368 -0.551500 -0.102939
0.325514 -0.458752 -0.100968 -0.399355 0.399861 -0.024845 -0.591089 0.063422
0.522957 0.575110 0.034132 0.102211 -0.448958 -0.166332 -0.393464 0.010856
0.130126 -0.021327 0.675420 -0.491799 -0.282439 0.242093 -0.239636 -0.297918
-0.078530 0.016115 -0.015843 0.170645 0.316201 -0.558655 0.691902 0.270933
-0.402316 0.113914 -0.220698 -0.153054 0.399447 0.627329 0.445115 0.042602
0.264032 0.322307 0.123295 0.072085 0.279372 0.591541 0.277018 0.548916
-0.401486 0.601414 -0.386261 -0.037785 0.521808 0.103766 0.113351 0.174911
0.305444 0.529447 -0.041037 0.178937 0.221073 -0.150113 0.648474 -0.317444
0.001932 -0.330064 0.154567 -0.492524 -0.213135 -0.506990 0.560841 0.087076
-0.063110 0.007017 -0.411758 -0.107650 -0.661246 0.358323 -0.302047 -0.397455
0.299983 0.313611 0.068089 0.199501 0.477900 0.640322 -0.251563 -0.256014
-0.335778 0.222616 0.657910 -0.395146 0.177762 -0.279717 0.104088 0.357830
0.684579 -0.429967 -0.146360 0.319612 0.371725 0.143356 0.160405 0.196107
0.667264 -0.138009 0.506504 -0.263718 -0.195032 -0.346902 0.215551 0.069192
-0.673998 -0.029402 -0.386237 0.039297 -0.055336 0.418291 -0.143948 0.442036
0.298251 -0.085986 0.051831 -0.540136 -0.326636 0.374981 0.601081 0.025084
-0.267012 -0.275872 -0.264460 -0.049596 0.305171 -0.459528 -0.040060 -0.688700
0.246543 0.180626 -0.530456 -0.243683 0.474287 -0.201613 -0.351068 0.420701
-0.417396 -0.074099 -0.700501 0.209986 0.267687 0.054990 0.457536 -0.038484
0.504309 0.171838 -0.407584 0.118867 0.436060 0.550541 0.050046 0.200376
0.397000 0.418286 0.453132 0.043821 -0.353078 -0.221218 0.150089 0.513867
-0.399578 -0.161606 -0.199801 -0.119707 0.016639 0.115750 0.863829 -0.010050
-0.274120 0.593427 0.318817 -0.082832 0.117835 0.010396 -0.229561 0.630487
0.440677 -0.201742 0.151511 0.440211 -0.138926 0.309954 -0.650891 0.096645
0.271559 0.393183 -0.627204 0.403821 -0.111528 0.360950 -0.232379 -0.135993
-0.430718 -0.583785 -0.333467 0.354781 0.327058 -0.037227 -0.154354 0.323224
-0.161378 0.078059 -0.239624 0.403110 -0.030578 0.508296 0.650700 0.255428
0.103818 0.584670 0.056276 -0.703749 0.146034 -0.017682 -0.282148 0.218443
-0.069545 0.025887 0.167518 0.172532 -0.748124 0.455383 0.172806 -0.373830
0.441307 -0.285225 -0.198623 -0.240941 0.054237 -0.096578 0.772759 0.130277
-0.053954 0.245023 -0.688678 -0.277935 -0.081230 -0.051714 -0.008606 0.613344
0.652115 -0.144660 -0.193642 -0.085529 -0.250494 -0.054915 -0.627321 0.222982
0.015732 0.662006 -0.457615 0.251086 -0.142241 -0.121068 0.235427 -0.445798
0.060679 0.415855 -0.163942 0.641562 0.173203 -0.517228 0.219628 -0.197866
0.175241 0.612599 -0.586878 -0.156973 0.064720 -0.093861 -0.359242 -0.287932
-0.401919 0.068033 0.456782 -0.567324 0.321167 0.252833 0.232892 -0.286400
0.475302 -0.526786 0.171565 -0.559649 -0.256102 -0.136401 -0.248692 0.088943
0.268955 -0.173451 0.173151 0.409645 0.240829 -0.113778 -0.464314 0.642856
-0.504477 -0.316361 0.507416 0.370893 -0.229423 0.323338 0.103661 0.287171
0.378285 0.189932 -0.519627 0.217302 0.474885 0.041350 -0.100383 -0.516043
-0.068643 0.340846 0.121353 0.851202 -0.026203 -0.230056 -0.167559 0.241165
0.125660 -0.092103 -0.513604 -0.654140 -0.356569 0.321057 0.185662 -0.139141
0.568297 -0.140880 -0.370568 -0.430803 0.192085 0.496714 0.212247 -0.074978
0.710126 -0.056290 0.338263 0.272791 -0.074779 -0.390933 -0.309212 0.222912
0.066614 -0.008328 0.673289 0.142179 0.355715 -0.101577 0.446222 0.431281
0.110273 -0.322201 0.407225 -0.417741 -0.531172 -0.418218 0.057332 -0.288725
-0.230948 0.175541 0.136955 -0.296746 -0.120596 0.621057 0.576975 0.275476
-0.418342 0.386372 0.375326 0.523388 -0.187595 0.416488 -0.227281 -0.024513
0.078275 -0.027639 -0.940238 0.102398 0.031781 0.014269 -0.026754 -0.310902
0.446493 -0.488171 0.086504 -0.054613 -0.300451 -0.309274 0.471358 -0.379180
0.371634 -0.623125 0.368680 0.300458 0.003415 0.450358 -0.026272 0.209494
-0.583497 0.321218 0.008945 -0.367170 0.446420 -0.271095 0.052285 0.382038
0.064344 0.418401 -0.537217 -0.188832 -0.189068 0.411373 0.052625 -0.537405
-0.621560 0.255689 0.183190 0.218170 0.667895 0.041341 0.000306 0.139094
0.458992 0.256106 -0.125416 -0.260599 -0.417193 -0.601507 0.149563 0.286135
