-0.604928 -0.717348 -0.356887
-0.987294 -0.064934 0.185276
0.605343 0.786120 -0.164622
-0.395214 -0.778986 0.530932
-0.172606 0.012996 -0.991924
-0.385825 -0.550999 -0.745697
0.192766 -0.078024 1.019342
0.657636 0.279856 0.707698
-0.339891 -0.902801 -0.276308
-0.871665 -0.227076 0.460622
0.131724 -0.981941 -0.185258
0.133091 -0.973788 0.203416
-0.454125 -0.280282 -0.850760
-0.460407 -0.756066 -0.474377
-0.472003 0.571846 -0.678377
0.282785 -0.192401 -0.947326
0.430333 0.809164 0.416624
0.439861 -0.245419 0.869079
0.269074 0.097713 -0.966145
-1.003079 0.024709 -0.016617
-0.598721 -0.288421 -0.753678
-0.712037 -0.169088 -0.716925
-0.587464 0.263913 -0.769149
-0.403862 0.901134 -0.175773
0.628473 0.476742 -0.618464
0.589813 -0.389998 0.711364
0.412324 -0.845032 0.354477
0.345104 0.898967 0.283603
-0.843002 -0.380193 0.389793
-0.796825 -0.396598 -0.481079
-0.211477 0.480925 -0.860581
-0.249436 0.960231 -0.174313
-0.390879 -0.131954 -0.915360
-0.891280 0.152250 -0.439061
-0.721112 -0.687013 0.117227
-0.397836 -0.342892 0.854760
-0.075354 -0.484879 -0.878765
0.230623 0.715293 -0.668958
-0.422502 0.690207 0.663308
0.187890 0.944328 0.285619
0.218835 0.911349 -0.365476
0.020492 -1.000921 0.092127
-0.138958 -0.754995 -0.655791
-0.053632 0.712173 -0.703378
0.878204 -0.450941 0.183170
0.401016 0.690157 0.679073
-0.487219 -0.818547 -0.324433
-0.321102 0.604096 -0.736277
0.768740 -0.577455 -0.302734
-0.226009 -0.137545 -0.970547
0.907618 -0.418350 -0.084316
0.287220 -0.950151 -0.145762
-0.682135 0.508760 0.554434
-0.577373 -0.813895 0.112550
0.913036 -0.152490 -0.388976
0.091101 0.782302 -0.624224
-0.391478 0.907840 0.184988
0.354519 -0.940899 0.005828
0.562994 0.194253 0.808913
0.251043 -0.921661 -0.308006
0.923810 0.311732 -0.285150
-0.659539 -0.644467 0.396196
-0.082944 0.974774 -0.225347
-0.607572 0.701942 -0.385515
0.018057 -1.004019 -0.074086
-0.145228 -0.980543 0.171520
-1.007164 0.126082 -0.153197
0.817204 -0.285503 -0.506936
0.522690 0.889697 0.296908
-0.887152 0.387452 -0.269380
0.639667 0.612803 -0.479672
-0.430181 -0.897415 0.171894
-0.064887 0.155589 0.987793
0.105454 0.606056 0.793988
0.235722 -0.674327 0.731060
0.764850 -0.631683 0.148135
-0.075605 -0.468779 0.888051
0.852106 0.484320 0.214275
-0.165694 -0.852604 -0.509444
-0.673001 0.703279 0.242604
-0.887807 0.445965 0.165533
0.077856 -0.713654 0.699919
-0.359111 0.874816 -0.340056
0.872562 -0.442517 -0.248189
-0.916833 -0.401440 0.105804
-0.889753 0.559401 -0.216325
0.966239 0.280473 0.031744
-0.358661 0.326008 0.912285
-0.711711 -0.778979 -0.020703
-0.068488 0.325734 0.948490
0.701156 0.100508 0.719449
-0.537422 0.813044 0.235964
0.135437 0.974244 -0.196194
-0.941153 -0.121391 -0.342457
-0.673568 0.209153 0.855409
-0.602715 0.307722 0.743637
0.678842 0.661384 0.412987
0.796501 0.602078 0.097784
-0.680929 0.573343 -0.464216
-0.954970 0.021664 0.313368
-0.181657 0.560231 0.853053
-0.419050 0.170069 -0.897032
0.114602 0.523322 -0.850462
0.772505 -0.331397 0.548259
0.236913 0.824605 -0.531308
-0.495774 -0.007887 -0.906278
1.001745 -0.058668 -0.008273
0.432793 0.116196 -0.899537
0.633000 0.705910 -0.333205
-0.894770 0.445662 -0.094453
-0.890879 0.114041 0.450426
0.253876 -0.490457 0.867740
0.992691 0.040739 -0.147497
0.442964 -0.680721 -0.587327
-0.330497 0.487510 0.812058
-0.464646 1.055929 0.029092
0.092696 -0.429226 0.902613
-0.468379 0.770051 -0.439169
-0.791566 0.506826 0.357212
0.640399 0.294104 -0.720822
-0.098320 0.910592 0.413917
-0.187616 -0.574702 0.801039
0.898832 -0.067140 0.441952
-0.133049 0.978884 0.259720
0.453869 -0.549191 -0.709419
-0.834185 -0.531796 -0.181747
0.500654 -0.866529 0.061919
0.518938 0.701103 0.497295
-0.884645 0.367346 0.299364
-0.076119 0.141054 -0.993417
-0.949776 -0.319567 -0.046451
-0.226219 0.067088 1.002492
-0.816579 -0.189245 -0.551917
0.691764 -0.565554 -0.460131
0.856532 -0.530904 0.038157
0.971900 -0.131036 -0.225453
0.532942 -0.009755 -0.891807
0.630235 -0.700967 -0.343393
-0.808484 0.582270 0.209230
0.161384 -0.274801 0.956141
0.176209 0.815381 0.557514
0.933242 -0.290465 -0.226808
0.175533 0.476742 0.864539
0.550166 0.412009 -0.746829
0.903542 -0.408053 0.550887
-0.152374 0.311650 -0.973248
0.175327 -0.987895 -0.002610
0.015203 -0.814082 -0.589033
-0.062957 0.828004 -0.576312
-0.558847 0.738683 0.400533
-0.906658 -0.380806 -0.203368
0.749944 0.578656 -0.338584
0.929467 0.317307 0.212183
-0.579689 0.468612 0.675520
-0.559373 -0.640514 0.535259
0.389243 0.414309 -0.827319
0.306672 -0.177202 0.940801
0.186740 0.246845 -0.954937
0.843001 0.272636 0.476144
-0.480938 -0.888928 -0.176683
0.918958 0.385652 -0.114870
0.244982 -0.775406 0.587502
-0.351048 0.851044 -0.520694
0.455141 -0.399056 -0.800253
-0.467905 0.393318 0.794242
-0.324583 -0.850150 -0.429643
-0.049845 0.427464 -0.906413
-0.599435 -0.102947 0.815855
0.293581 0.942743 -0.184922
0.511428 -0.536025 0.679763
-0.047998 -0.900289 0.443334
-0.773815 -0.042927 -0.638906
0.794358 -0.550083 0.282123
0.982206 -0.185517 0.115736
0.955574 -0.129003 0.282185
-0.380825 0.703478 -0.606510
0.857038 0.461749 -0.252254
0.520472 0.726632 -0.464931
-0.816719 -0.474784 -0.337435
-0.799579 -0.113225 0.595726
0.087959 -0.193388 -0.989555
-0.993619 0.197199 0.002207
-0.950446 0.293811 -0.133164
0.520375 0.368336 0.774892
-0.760774 -0.602253 0.255896
-0.950384 0.269851 0.174494
-0.713192 0.151331 0.689155
0.518302 0.864404 -0.018291
1.089240 -1.093694 0.372624
-0.272872 -0.445998 0.857033
0.749047 -0.675398 -0.005326
-0.627978 -0.757913 -0.196826
0.814145 -0.166259 0.568676
-0.756416 0.267590 -0.812298
-0.847107 0.537154 0.027738
0.116956 0.421864 -0.989976
0.499084 0.267828 -0.830366
-0.505280 -0.818922 0.282590
-0.165139 -0.359053 -0.923076
-0.022821 -0.965631 0.278863
-0.083913 -0.215942 -0.977515
1.098864 -0.148638 -0.091538
0.818091 0.181870 -0.555745
0.922596 0.206683 0.333536
-0.760461 -0.368774 0.539685
0.462927 -0.901748 -0.114492
-0.109651 -0.710316 0.706579
-0.966862 -0.243604 0.125903
-0.587721 0.067871 0.810448
-0.959661 -0.234883 -0.494231
-0.112938 -0.629522 -0.774737
-0.795828 0.491631 -0.368941
0.689254 -0.755973 0.233024
-0.064727 0.911828 -0.412684
-0.643304 -0.741834 0.260807
-0.707809 -0.026626 0.710023
-0.754825 0.667897 0.072601
-0.022278 -0.970030 -0.264230
-0.148820 -0.179705 0.978149
-0.918851 -0.486794 -0.042999
0.136995 -0.571016 0.814285
0.950957 -0.003777 -0.322862
-0.315160 -0.947082 -0.097709
0.286181 0.976677 0.130019
0.955743 -0.363753 0.073498
0.523065 0.605715 -0.604444
-0.646940 -0.375612 0.668529
0.370023 0.826138 -0.435341
0.814895 0.000963 0.585210
0.337915 0.426787 0.846185
-0.681627 -0.503222 -0.536669
0.016807 -0.087470 -1.213440
-1.063128 -0.121221 0.053730
-0.539743 -0.528308 0.661948
0.151302 -0.466699 -0.876368
-0.652178 -0.007047 -0.766589
-0.291795 0.340123 -0.901189
-0.676395 0.359232 -0.647421
-0.303736 -0.765284 -0.575163
0.772529 0.506124 0.394476
0.110861 -0.947132 -0.372486
-0.462005 -0.001539 0.891726
-0.293573 -0.955647 0.072430
0.636621 -0.775122 0.074440
-0.883239 -0.308640 -0.363295
-0.183120 -0.959272 0.351315
0.520510 0.594278 0.617849
0.263746 0.567639 -0.784082
0.096765 0.100400 -1.006425
0.377796 0.672396 -0.730400
0.244334 0.413840 -0.881759
0.440801 -0.413875 0.804143
-0.445209 0.320098 -0.844096
-0.497568 0.868402 0.057393
-0.300719 -0.235473 0.929264
-0.010846 -0.045984 -1.001173
0.317456 -0.646737 -0.698291
0.423302 0.288328 0.872988
0.098910 0.713829 1.042212
0.719236 -0.075573 0.694881
0.110878 -0.925985 0.369503
0.011476 0.835514 0.555759
0.041898 -0.154296 0.992199
-0.948364 0.053817 -0.322962
0.746192 0.414288 0.530690
0.752436 -0.494456 0.440960
0.068411 0.039079 1.003718
0.440017 0.532516 -0.728853
0.393111 -0.907770 0.185696
-0.216475 0.746580 -0.639068
-0.688952 -0.208952 0.705055
0.331836 -0.009123 0.946235
0.790711 0.162323 0.596110
0.363357 -0.040618 -0.935771
-0.778743 -0.525186 0.418488
-0.889790 -0.056805 0.459052
-0.541358 -0.554114 -0.641922
0.884660 0.019711 -0.475458
-0.948878 -0.160202 0.321203
-0.303787 -0.691828 0.764911
-0.989571 -0.038399 -0.188598
0.353963 0.938016 -0.027403
0.605224 -0.139791 0.786542
0.773263 0.684705 -0.036681
-0.092045 -0.186165 1.182415
0.047394 -0.875522 0.684201
0.902307 -0.232733 0.418872
-0.334104 0.027506 -0.950340
-0.730939 -0.307351 -0.614348
-0.239713 0.965834 0.125053
-0.949426 0.356890 0.037346
-0.551490 -0.272450 0.794287
-0.734344 -0.599031 -0.421564
-0.883389 -0.037394 -0.476068
0.589334 -0.429768 -0.692024
-0.022077 -0.899346 -0.444551
0.385709 0.950371 -0.325038
-0.496505 -0.438543 -0.783124
-0.276767 -1.054657 -0.237187
-0.445450 -0.688052 -0.636029
-0.732342 0.630088 -0.293335
-0.514810 0.818441 -0.283208
0.431820 0.897652 0.124249
0.085975 0.911045 0.427894
0.583979 0.133437 -0.805234
-0.153740 0.859089 0.558433
0.549859 -0.806820 -0.251897
-0.937026 0.223863 -0.288254
-0.779787 0.620922 -0.109936
0.587305 -0.298146 0.834714
0.801134 -0.441184 -0.415373
0.902020 0.102494 0.465431
0.618902 0.451073 0.671625
-0.539704 0.433137 -0.748987
0.691746 -0.708142 -0.163671
0.846124 -0.126816 -0.540083
0.443859 -0.187410 -0.881334
0.898143 0.177808 -0.415150
-0.521288 -0.439676 0.787625
-0.639242 0.796183 0.104359
0.177140 -0.750920 -0.641301
0.597946 -0.807691 -0.083180
-0.617503 0.507750 -0.605598
0.245761 0.301498 0.927390
-0.662203 0.614441 0.435518
-0.178988 -0.353258 0.956741
0.585302 -0.564101 -0.598159
-0.425966 0.849209 0.354324
0.575949 -0.695265 -0.493981
-0.163298 0.990648 -0.036612
-0.445497 -0.908310 0.010977
-0.763202 0.428721 -0.518230
-0.059726 0.638292 0.771811
0.258468 -0.880817 0.459008
-0.734727 -0.641675 -0.255639
0.057924 0.742907 0.691838
0.507090 -0.658977 0.560510
0.729509 -0.137718 -0.674503
-0.309718 -0.068038 0.952256
0.595736 0.743365 0.315739
0.472345 -0.084467 0.886176
-0.051049 0.568000 -0.826098
-0.799202 0.695017 0.370458
-0.447061 0.546879 0.712589
0.158893 -0.854127 -0.501026
0.087750 0.378573 0.944181
0.259530 0.874496 0.432265
-0.289640 0.848197 0.450093
0.273176 -1.030353 0.132850
0.962004 0.037929 0.312560
0.708810 -0.429252 -0.564846
-0.854907 -0.476203 0.235579
0.349194 0.766353 0.548631
-0.986793 -0.164709 -0.078947
0.056735 0.965923 -0.324252
-0.710540 0.135204 -0.694489
0.345423 0.263066 -0.911764
0.033895 -0.588878 -0.856130
0.335390 -0.363223 -0.904851
0.925073 -0.331373 -0.380301
0.647042 0.766978 -0.009289
-0.707297 0.345522 0.621602
0.694205 0.712409 0.163921
0.357880 0.186126 0.980163
-0.673834 -0.513902 0.549741
-0.769967 -0.639878 -0.085395
-0.648068 0.735240 -0.213669
-0.788773 0.399500 0.480401
-0.009807 -0.311764 0.954432
0.681002 -0.648518 0.355350
1.116401 -0.139434 -2.088015
0.886882 0.495081 -0.411723
0.087192 0.219510 0.977149
-0.988256 0.097167 0.142570
-0.953300 -0.221632 -0.223747
-0.548630 0.840471 -0.107998
0.794088 0.022629 -0.616660
-0.263346 0.636823 0.729786
-0.569544 -0.823740 -0.059070
-0.626651 -0.417434 -0.662656
0.211325 0.111921 0.975490
-1.517478 -0.659804 1.741014
-0.372984 0.467707 -0.804651
-0.824375 0.052377 0.597011
-0.249446 0.176409 -0.956894
0.095500 0.662545 -0.759600
0.465498 -0.785210 -0.414931
0.970430 0.221367 -0.126199
-0.428726 0.753807 0.503156
0.022196 0.266517 -0.969345
-0.477876 0.217551 0.854419
0.111310 0.988791 0.135197
-0.147723 -1.009035 0.010119
0.224749 0.713167 0.678387
-0.422626 -0.651476 0.635776
-0.799499 0.220100 0.563921
1.014851 0.113366 0.016973
0.734903 0.472284 -0.494379
-0.309868 -0.281484 -0.970325
-0.271706 0.916378 0.305354
0.816936 -0.748762 -0.283463
-0.209611 0.926923 -0.333137
-0.063030 1.000122 0.104383
0.752569 0.610616 0.271159
0.319400 -0.846364 -0.435481
0.739534 -0.295925 -0.647753
0.034515 -0.705203 -0.717514
0.309279 -0.507557 -0.810762
0.374847 -0.674207 0.641949
0.753029 0.336306 -0.613093
-0.170017 -0.930173 -0.349857
0.968710 -0.258829 -0.056197
0.412822 -0.781359 0.504957
-0.579533 -0.647870 -0.507555
0.273131 -0.919813 0.296957
-0.366405 -0.852472 0.379802
-0.364537 0.122001 0.928980
0.181289 -0.051500 -0.984538
-0.550606 0.624200 0.563557
0.602694 -0.119225 -0.794602
0.723493 0.669151 -0.204061
-0.293327 -0.927222 0.248486
-0.270374 -0.660157 -0.708075
0.003361 1.003486 -0.087550
0.598182 0.021012 0.808520
0.701461 -0.254403 0.682041
0.652552 0.547585 0.529893
0.648961 -0.605704 0.518885
-0.254218 -0.753052 0.613632
-0.137096 -0.982575 -0.153322
0.930851 -0.287947 0.237385
-0.337927 -0.405731 -0.856045
-0.120440 0.739924 0.667521
0.856604 -0.389280 0.352204
-0.203358 0.851721 -0.492015
-0.021177 0.493911 0.874386
0.332495 -0.800597 -0.589821
0.463303 0.899856 -0.168124
0.817491 -0.566644 -0.127378
0.828786 0.554374 -0.129306
0.662374 -0.465749 0.593103
0.177476 -0.618700 -0.773906
-0.673735 0.742374 -0.054612
0.298448 -0.345853 0.892760
-0.225731 0.231265 0.955363
-0.018829 -0.601093 0.803014
-0.979856 0.189002 0.309423
0.190899 0.988571 -0.032796
-0.085443 -0.022747 1.001576
-0.522241 -0.745437 0.424868
-0.338483 0.949051 -0.005953
0.086875 0.877349 -0.477098
-1.072926 -0.763914 0.251022
0.445462 0.510292 0.740808
0.391253 0.730911 -0.571944
-0.874256 0.270091 0.423764
-0.835808 -0.284719 0.656447
-0.192184 0.657381 -0.789179
-0.558510 -0.141380 -0.822544
-0.550066 0.664147 -0.553148
-0.231203 -0.853832 0.476508
-0.451108 -0.166342 0.880829
-0.788032 0.255162 -0.565911
0.290021 0.578852 0.767648
-0.827515 -0.562675 0.071277
0.462392 0.088883 0.885955
0.090403 1.122234 0.011116
0.555146 -0.304825 -0.919956
-0.855674 0.315297 -0.420220
0.358295 -0.551071 0.759029
-0.279437 0.756642 0.603905
0.975664 0.156072 0.175510
0.179315 -0.321596 -0.932282
0.995278 -0.009851 0.154149
0.400283 -0.878985 -0.271378
-0.234490 -0.521828 -0.833168
0.800983 0.323940 0.646248
0.606129 -0.276836 -0.751518
0.015545 -0.359828 -0.944716
0.021801 0.961531 0.283816
0.836803 0.325624 -0.448858
-0.090285 -0.819452 0.582790
0.504350 0.809410 -0.312142
-0.205350 0.398141 0.896951
0.682723 0.007752 -0.745677
-0.916523 -0.309062 0.270610
0.531238 -0.819531 0.238444
1.000881 0.437371 0.109606
0.881090 0.487017 0.015369
-0.842463 0.095659 -0.585166
-0.346356 1.099705 -1.033132
-0.560492 0.118377 -0.825615
-0.381592 -0.531729 0.761497
0.568640 0.815128 0.143472
0.552303 -0.734936 0.400829
0.101167 -0.849153 0.524229
0.876351 0.384526 0.362419
0.991907 0.150916 -0.274536
-0.167587 -0.984120 -0.779117
0.717068 0.163294 -0.685573
