0.501589 0.242483 -0.158374 -0.390153 -0.148924 0.096896 -0.533759 -0.442542
-0.076466 0.276847 0.303954 0.150837 0.384148 -0.692907 0.030738 -0.416815
-0.473431 -0.195704 0.188800 -0.589771 0.152292 -0.193375 -0.377824 0.388265
0.469162 0.176748 0.197598 0.286307 -0.120184 0.273438 0.627417 -0.380481
-0.647937 0.363364 -0.218032 0.475872 0.080625 0.301798 0.275373 -0.027189
0.351134 -0.154486 -0.301035 -0.502968 0.010607 -0.397491 0.485766 -0.339352
-0.406339 -0.089230 -0.243735 -0.187216 0.218827 0.370533 -0.738852 0.037265
0.616963 0.094488 -0.483568 0.249560 -0.017850 0.356361 -0.097922 0.421202
0.277122 0.101457 0.063733 -0.061401 -0.536066 0.552967 0.015873 0.558289
0.487836 -0.520157 -0.353008 0.061043 0.377572 -0.190004 0.226306 -0.365014
-0.122523 0.205224 0.462205 0.502444 0.297898 0.221956 -0.326826 0.481627
0.400778 0.555097 -0.382069 -0.531006 0.187896 0.215012 0.142621 -0.037754
-0.544741 -0.123445 0.484529 -0.104471 0.473903 0.274127 -0.375844 -0.036701
0.389309 0.365352 -0.146431 -0.310638 -0.190932 -0.579086 0.452791 0.142141
-0.667890 0.305084 -0.393757 0.089378 -0.362408 0.258487 -0.283989 0.137880
-0.180967 0.777932 0.146921 0.076560 -0.089234 -0.534325 0.198306 0.042836
-0.268611 0.056382 -0.642387 0.139863 -0.428057 0.292579 0.017108 -0.472566
0.634476 -0.503087 -0.246915 0.235834 0.148740 0.438542 -0.089065 -0.073370
0.548132 0.008603 -0.092927 -0.006396 -0.582421 -0.517718 -0.068606 -0.280799
0.156253 -0.148661 0.395017 -0.115064 0.643496 0.138704 -0.580819 0.116320
0.145629 -0.041545 0.434688 0.256012 -0.036234 0.584271 -0.001867 -0.616345
-0.106869 0.415532 0.288448 -0.580331 0.451771 0.391370 0.119100 -0.156439
0.345744 -0.299603 -0.670993 -0.108579 -0.487609 0.025458 -0.047974 0.296591
0.391914 0.242704 0.051322 -0.658917 -0.425993 -0.065407 0.145507 -0.379173
0.046651 -0.377883 0.480392 -0.046150 -0.592824 0.313066 -0.305463 0.281717
-0.279467 -0.503909 -0.175550 -0.696552 -0.246898 -0.022437 0.208893 -0.216501
-0.135395 0.620231 -0.487342 -0.405599 -0.205309 0.234068 -0.133045 -0.283423
0.035820 -0.224835 -0.301265 0.107995 0.383548 0.149581 0.725552 -0.387083
0.056740 0.694235 -0.356920 -0.128891 -0.266560 0.171305 0.093924 0.511463
0.636771 -0.190082 0.393288 0.089976 -0.064798 -0.592416 -0.141793 0.142691
-0.543442 0.549690 -0.419754 -0.179777 -0.129671 0.084670 0.402741 0.088403
-0.046178 0.416241 0.042779 0.202672 0.480440 0.049605 -0.736168 0.080491
0.591877 -0.141954 0.662078 0.120970 0.101653 0.230038 -0.319923 0.104636
0.376193 0.111008 -0.370898 0.495586 -0.561366 -0.260818 0.003755 0.282512
0.413351 0.292623 0.337546 0.382596 0.675707 -0.064189 -0.142758 0.046001
0.812471 0.193095 0.011777 0.278316 -0.083491 -0.036768 -0.459344 0.075423
0.479373 0.127754 -0.597294 0.340376 -0.333023 0.140570 -0.282960 -0.265582
0.623934 -0.260312 -0.412828 -0.149328 0.006897 0.256287 0.532838 -0.023931
-0.230013 0.033239 -0.577254 -0.634683 -0.391233 0.111789 0.075100 0.196837
0.164160 0.195471 0.118091 0.078113 -0.358711 0.002434 -0.463762 0.755673
0.269559 0.349547 -0.507475 0.126993 -0.012280 -0.244768 -0.538964 0.425385
-0.083095 0.551405 0.117718 0.108471 0.300755 0.392907 0.510175 -0.397891
-0.651974 0.053984 0.268044 0.044836 -0.070106 0.207681 -0.385733 0.548929
-0.252925 -0.818550 0.108658 -0.317181 -0.022381 -0.372547 -0.054095 0.106660
0.334939 0.156594 -0.518784 -0.621227 -0.218240 -0.365884 -0.159916 -0.034085
-0.338457 0.645034 -0.542411 0.150731 -0.053974 -0.318676 -0.218273 0.018389
-0.404664 -0.312421 0.348250 0.266150 -0.074231 -0.351226 -0.190348 -0.617595
-0.181435 -0.075736 0.014825 -0.733577 0.228389 -0.601154 -0.000447 -0.097170
0.523234 0.375704 0.207604 0.146843 0.223732 0.325011 -0.202418 0.568990
-0.349028 0.217602 0.464119 0.124299 0.231722 0.687196 0.235725 0.135911
0.360725 -0.139862 0.155902 -0.165572 0.530944 -0.614193 0.347585 -0.136552
-0.330485 -0.497202 0.036707 -0.115824 -0.574858 -0.217144 0.398462 0.304011
-0.219113 -0.058506 0.094474 0.728362 -0.403249 0.226042 0.375645 0.233061
0.282366 -0.069147 -0.290702 0.084529 0.105221 0.160717 -0.878962 -0.119837
0.190009 -0.348998 -0.322415 0.032926 -0.078659 -0.333956 -0.077238 0.783187
-0.177470 -0.109540 0.181860 0.100878 -0.651059 0.379143 -0.308580 -0.500407
-0.138321 -0.147870 0.169003 -0.657658 -0.467458 -0.508036 0.022601 0.144213
0.397815 0.171411 0.439193 -0.168283 -0.490113 0.437198 -0.351399 -0.190574
-0.261538 0.187971 -0.327237 -0.518958 -0.382669 -0.430796 0.091484 -0.423643
-0.084579 0.541569 0.006659 -0.215706 -0.652580 0.440002 -0.179630 0.035317
-0.278138 -0.639431 0.292318 0.301571 0.341435 -0.104484 -0.199031 0.412632
0.660762 -0.099681 -0.553057 0.039590 -0.056649 -0.444036 0.137182 0.163779
-0.078856 0.158913 0.542610 -0.178630 0.144751 -0.631442 0.379224 0.280554
0.150064 -0.216437 -0.773494 0.432627 0.084936 0.287911 0.207440 -0.109724
-0.454146 0.020536 0.332181 0.456907 -0.102088 -0.671974 0.102835 0.040938
0.503507 0.301161 0.279052 0.294878 -0.448536 -0.183235 0.496742 0.097198
-0.190319 -0.197293 -0.175283 0.263868 -0.708687 0.005948 -0.067730 0.563600
-0.202463 0.419368 0.043386 0.502999 -0.258553 0.553799 -0.080874 0.384923
0.690950 -0.346182 -0.039362 -0.039594 -0.531399 0.214396 -0.255297 0.078113
-0.602696 -0.142208 -0.375310 -0.024397 0.375722 0.074622 0.568955 0.068102
-0.124123 -0.003320 0.598349 -0.416310 -0.641907 0.154780 0.118615 -0.056359
0.301686 0.309083 0.589225 -0.292966 -0.373130 -0.466127 0.150366 -0.036451
-0.302810 -0.089897 -0.358226 -0.143576 -0.173305 -0.285960 0.750032 -0.277360
0.128917 0.809557 0.317654 0.355340 0.017681 0.089602 0.200800 0.228401
0.258727 0.376839 0.214390 -0.422807 0.230237 0.479132 -0.523056 0.100798
0.288246 0.113540 0.099593 -0.185167 -0.891002 -0.101972 0.004781 0.235611
0.450301 0.549760 0.371636 0.027903 0.270732 -0.401605 0.336087 -0.092543
-0.429899 0.354312 0.039469 -0.092610 0.391863 -0.641316 -0.264420 0.211554
-0.211511 -0.110190 -0.145245 -0.271615 0.238808 -0.456633 0.173946 -0.743270
-0.558349 0.283326 0.049169 0.436099 0.158292 0.393668 -0.460856 -0.151507
-0.512163 0.475026 0.221306 0.118845 0.374396 -0.180492 0.516060 0.099357
0.086189 0.365527 0.001368 0.287022 0.621186 -0.451312 0.316869 0.294308
-0.210408 0.431355 -0.194330 -0.702225 0.089168 0.223249 -0.242684 0.349414
0.299995 -0.377972 0.237231 0.275613 -0.586363 -0.008584 0.389211 0.373523
-0.732351 0.009851 -0.263692 -0.155436 -0.079458 0.139399 0.299005 -0.504700
0.342487 -0.002079 0.802231 -0.075939 -0.045511 0.254161 0.392013 -0.114076
0.074423 0.460674 -0.446357 0.299075 0.212598 -0.049719 -0.418219 -0.520561
0.024840 0.278556 -0.310406 -0.492919 -0.078722 0.204813 0.593801 -0.426291
0.006178 -0.243687 -0.043358 -0.524103 -0.163145 0.062297 -0.142058 -0.783158
0.517880 0.213344 0.255190 -0.560891 0.208665 -0.014712 0.508504 -0.065047
-0.060983 -0.672028 0.027155 -0.094420 -0.023539 -0.361795 0.549119 -0.319415
-0.654387 -0.137378 0.299496 0.001758 0.439932 -0.051562 0.199848 0.476515
-0.294070 0.278616 0.118406 -0.254611 -0.497378 -0.412941 0.580081 0.051487
-0.033352 -0.841456 -0.322413 0.344840 0.173446 -0.180248 -0.058034 -0.045103
-0.434232 0.324641 0.501606 -0.309464 -0.084950 -0.531488 -0.078849 -0.250524
-0.170503 -0.069415 0.055265 0.254410 -0.293349 0.138411 0.404450 -0.793436
-0.433365 0.193647 -0.371750 -0.087593 -0.075369 -0.113517 -0.165039 0.763558
-0.066552 0.249760 -0.174580 -0.331749 0.578582 -0.289671 0.565495 -0.232819
0.112913 -0.489903 -0.377688 -0.301360 -0.119018 -0.639969 -0.091519 -0.285795
-0.110743 0.133696 0.066365 -0.548538 0.300264 0.206216 -0.565848 -0.460104
0.321461 0.057030 0.066062 -0.879349 0.253065 -0.066222 -0.217316 -0.011760
-0.069582 -0.547870 -0.510940 0.213314 -0.104151 -0.113379 0.554629 0.238995
0.191223 0.633503 0.061148 0.329560 0.190907 -0.498565 -0.404451 0.034147
-0.047452 -0.008192 0.304403 -0.317773 0.298671 -0.461656 -0.699149 -0.113587
-0.647607 -0.127533 0.262554 -0.114879 -0.271375 0.019213 -0.592283 -0.239577
0.421757 0.172445 -0.408226 0.084694 0.234543 0.656388 0.192672 -0.309166
-0.238078 -0.180912 0.441240 0.296343 0.151281 0.324299 0.662914 -0.246105
-0.266191 -0.281113 -0.023828 -0.733789 0.223466 0.476818 -0.183362 0.013791
-0.579094 0.145600 0.508170 0.187076 -0.148111 0.314963 0.065043 -0.474181
0.756816 -0.378267 -0.115607 -0.413505 -0.008948 -0.286524 -0.107437 -0.077933
0.046609 0.822427 -0.282519 0.072469 0.430667 -0.076889 0.123452 -0.172475
0.070786 0.273358 0.113462 0.482500 0.422128 -0.188756 0.573915 -0.362472
-0.132267 -0.448348 0.187243 0.130280 0.681195 -0.119870 0.191527 -0.463009
0.220141 -0.368835 -0.080969 -0.282004 -0.278542 0.210755 0.499842 -0.597973
-0.573848 0.392387 -0.322141 -0.176284 0.335865 0.228200 -0.242508 -0.397731
0.037644 0.525955 -0.457687 -0.352255 0.400633 -0.086201 -0.468378 -0.032832
0.699639 -0.237416 0.335548 -0.197633 -0.287604 -0.180349 0.398426 -0.168829
-0.286668 -0.313776 -0.689385 0.280233 -0.209316 -0.237093 -0.299316 0.275623
-0.129533 0.593162 0.639930 -0.231366 -0.100911 0.050179 0.393184 0.032338
0.214305 -0.446155 0.241800 -0.385276 0.300134 -0.470782 -0.323326 0.363124
0.264841 -0.513771 -0.195029 0.135590 0.215951 -0.721957 0.043358 0.199351
-0.218589 -0.356071 0.566104 -0.583232 -0.118767 -0.018108 -0.321213 -0.217227
-0.117887 -0.081665 -0.056165 0.386926 -0.642531 -0.434293 0.464499 -0.096702
0.416278 0.192954 0.220318 0.799978 -0.002952 -0.121336 -0.090359 0.279431
0.189727 0.181971 -0.046370 -0.517861 -0.067213 0.677305 -0.046005 -0.441796
0.046172 0.452622 -0.545721 -0.064232 -0.579780 -0.165990 0.312463 -0.172436
0.057557 0.321747 -0.305690 -0.114763 0.198975 0.682239 0.054560 0.527762
0.194908 -0.075135 -0.192755 -0.646731 0.468073 0.352919 0.311765 0.245173
0.169948 -0.655403 -0.062656 0.209112 -0.512625 -0.457892 -0.068255 0.129628
-0.275216 0.704660 0.104461 0.047854 -0.328219 -0.192341 -0.415844 0.311223
0.008266 -0.255249 0.451685 -0.287987 0.471693 0.520305 -0.023295 -0.392517
0.031564 0.173225 -0.152378 0.709595 -0.357103 0.447199 0.043974 -0.335871
0.386831 -0.787834 0.380780 0.130920 0.224646 -0.126544 0.032659 -0.000380
-0.252661 0.368193 -0.397001 -0.260289 0.415719 0.542053 0.321171 -0.073774
-0.570777 -0.384657 -0.131057 0.308020 -0.090751 0.085635 0.191193 0.601728
-0.214920 0.185684 -0.599612 0.700618 -0.176498 -0.135060 0.047284 -0.131539
0.224359 0.035400 -0.406803 0.127162 0.594339 0.276108 -0.427611 0.392970
-0.152012 -0.272718 -0.246300 0.015679 -0.583085 -0.296537 0.080997 -0.638064
-0.360951 -0.050180 -0.072758 0.105887 0.523407 -0.155633 -0.587130 -0.455842
0.278173 0.155067 0.034133 -0.241903 0.187749 -0.853210 -0.190433 0.198521
-0.091369 -0.259763 -0.216585 0.685250 -0.158233 -0.435905 0.234860 0.370795
0.223149 0.377951 -0.894419 0.036301 0.024276 -0.058033 0.030435 0.034214
0.197000 0.271717 0.091238 -0.034472 -0.255410 -0.476084 0.523359 -0.558617
-0.018181 0.190023 0.611003 -0.164305 0.546107 -0.068456 0.450093 -0.240286
0.367898 0.185426 0.669466 0.168494 -0.282365 0.170334 0.034094 0.493748
0.252663 0.503406 -0.050740 -0.379333 0.259848 -0.071068 0.050974 -0.679048
-0.009392 -0.455486 -0.602521 0.130445 -0.039681 0.533956 -0.342677 0.091028
-0.059129 -0.505017 -0.430831 0.481370 -0.543193 0.056653 0.041287 -0.155423
-0.453111 0.466625 0.367292 -0.363571 0.208496 -0.021970 -0.514407 0.036012
-0.270290 0.535171 -0.210450 0.423442 -0.414006 -0.160906 0.250588 0.396053
-0.566318 0.506487 0.528994 0.349018 -0.048951 0.035821 -0.026675 0.129290
0.440200 0.534733 0.178169 0.086983 -0.362474 -0.425140 -0.169554 0.374292
0.106630 0.442801 -0.003791 -0.485152 -0.137216 -0.307271 -0.651629 0.138948
-0.549172 -0.501588 -0.286661 0.186922 -0.147477 -0.508774 0.171058 -0.140871
0.313037 0.168575 0.065103 0.478295 -0.008694 -0.775347 0.187823 0.063797
0.310822 0.158869 0.146871 0.058404 -0.600667 -0.141644 -0.687163 0.010573
-0.275269 0.050118 -0.110062 -0.131522 0.107683 -0.834904 0.427926 -0.022838
0.238656 0.134967 -0.105440 0.188944 0.728529 -0.134800 0.017088 -0.573405
-0.352205 0.115955 -0.155873 0.069324 -0.132863 -0.298682 -0.832311 0.183846
-0.449495 -0.614512 0.233386 -0.184542 -0.103771 0.405356 -0.357733 0.169559
-0.253879 -0.393513 -0.507348 0.085168 0.481748 -0.180867 0.025711 0.500582
-0.154095 0.473404 0.479498 -0.243514 -0.177288 0.312495 -0.157670 0.555862
-0.770513 -0.293107 -0.208341 -0.013393 0.261045 -0.122277 -0.371422 0.236141
-0.465289 -0.254252 0.250824 -0.629710 -0.230633 0.213115 0.153931 0.370284
-0.591930 0.255764 -0.020804 -0.498110 0.553165 -0.106700 0.134760 0.010981
0.508965 -0.028505 0.460358 -0.497120 -0.335288 -0.127507 -0.292052 0.259063
0.111645 -0.394884 0.127669 -0.276818 -0.171605 0.538720 -0.565736 -0.314563
-0.038336 0.491664 0.118244 0.144168 0.193773 0.525664 -0.308395 -0.559511
-0.115906 0.445511 -0.159597 0.015593 -0.010085 0.444263 -0.610283 0.438697
-0.740176 -0.178223 -0.221861 -0.444896 -0.032795 -0.316624 0.225407 0.145213
-0.005539 -0.363146 0.644595 0.132502 0.578497 0.182354 0.182582 0.183813
-0.085766 -0.158295 -0.290313 0.416095 -0.015597 0.285577 -0.369039 0.701558
0.501598 0.129098 -0.331186 0.245065 0.666088 0.178407 0.246461 0.160464
0.421412 0.718972 -0.246810 0.031014 0.107338 0.345981 -0.335239 -0.002110
0.338964 0.111595 0.581807 -0.541459 0.075897 0.168386 -0.167714 -0.422767
0.340651 0.732064 -0.243752 -0.090021 -0.284778 -0.292418 -0.231947 -0.245181
-0.084090 -0.068486 0.313332 0.465787 0.628626 0.366139 -0.264313 -0.272056
-0.184408 0.354970 -0.529797 -0.041765 0.642490 -0.041487 0.137299 0.352415
0.354147 0.424305 0.571355 -0.202593 0.214667 -0.223327 -0.431794 0.211308
-0.232622 0.340247 0.254233 0.341359 0.084786 -0.410897 -0.067371 0.684393
-0.824836 0.093933 -0.039707 -0.285750 0.071492 0.461076 0.010887 0.098851
0.012092 0.464128 0.222402 0.007047 -0.720916 -0.172253 0.065611 -0.425712
-0.174257 0.381811 -0.618261 0.248518 0.140702 0.552289 -0.219846 -0.081825
-0.269015 -0.623692 0.337469 0.423677 -0.083447 -0.295948 0.378861 0.084662
-0.018502 0.061231 -0.334522 0.183934 -0.343706 0.370996 0.743651 -0.203429
0.317094 0.218269 -0.535921 -0.301689 0.195863 -0.029183 0.006890 0.659031
-0.430756 -0.537425 -0.122201 0.152212 -0.287447 0.346492 0.495820 -0.197490
-0.042260 -0.308362 -0.204554 0.899699 0.043884 0.181050 -0.094615 0.090383
-0.213608 -0.128668 -0.183345 0.413350 0.233070 0.695015 0.267987 -0.352361
-0.767447 -0.323671 -0.131772 -0.071370 -0.509422 0.141740 -0.064578 0.005833
0.388980 0.334508 0.062381 -0.350595 0.729276 0.014977 -0.054012 0.273874
-0.435851 0.403758 0.052339 0.116150 0.065835 0.285519 0.306085 0.671744
0.051769 -0.799955 -0.133586 -0.203800 0.255021 0.369700 0.172917 -0.257680
-0.267609 -0.037293 0.770871 0.179045 -0.051597 0.057285 0.408178 0.357971
0.183513 -0.062031 0.134739 -0.198791 0.167990 0.702281 0.595541 -0.169454
-0.391203 0.450286 0.197456 0.284916 -0.154011 -0.299104 -0.512440 -0.385046
0.266759 0.066262 -0.575143 -0.433115 0.166952 0.506478 -0.335389 0.095877
0.221148 0.151655 -0.010558 0.477210 -0.178970 0.078604 0.209203 0.786307
0.352279 -0.234353 -0.361085 0.360847 -0.464770 0.464970 0.304148 0.188870
-0.620985 0.123628 -0.138244 0.044381 -0.452064 -0.533174 -0.055784 0.293709
0.228209 -0.328084 0.561514 0.637945 -0.009725 0.259800 0.180152 0.134035
-0.168112 0.021375 0.471824 0.729661 -0.162575 0.097909 -0.360509 -0.224220
0.207750 0.177123 -0.596289 -0.239213 -0.381902 0.569812 0.205086 0.009419
0.231443 -0.469665 -0.074132 -0.038039 0.819956 -0.129950 -0.010072 0.172018
-0.393199 -0.267981 -0.135272 0.403700 -0.328204 0.656527 -0.227192 0.044130
0.542989 0.321563 -0.335559 0.021014 0.279063 -0.081879 0.551735 -0.315798
-0.018110 -0.065845 0.350191 -0.312821 -0.112128 0.194835 -0.803528 0.280455
-0.138531 0.162834 -0.062934 -0.782740 0.020685 -0.154959 0.532238 0.173014
-0.116851 -0.518122 -0.385334 -0.413783 0.429079 -0.182371 0.425238 -0.001599
-0.350552 -0.322445 0.351157 -0.349024 0.066177 -0.268899 0.648916 0.173886
0.146389 -0.094196 0.552905 -0.074462 -0.396154 -0.083623 -0.103565 -0.695552
0.544243 -0.300269 0.311746 -0.203961 -0.084938 -0.131902 -0.597965 -0.304432
-0.187532 0.162123 -0.134119 0.252058 -0.868924 0.243775 0.206208 -0.007081
0.045425 0.352293 0.784790 0.049814 0.323912 0.334209 -0.145574 -0.132826
-0.369768 0.815280 0.082170 -0.169347 0.064244 0.396810 -0.012006 0.037832
-0.055500 0.341665 -0.049911 -0.118421 -0.431231 -0.804257 -0.154533 -0.083672
0.374370 -0.272951 -0.075941 0.187520 -0.104185 -0.484125 0.702687 0.073580
0.358540 -0.324870 0.184289 0.498667 0.466456 0.235489 -0.237522 0.392205
-0.322577 -0.008630 0.637776 0.490628 0.413396 -0.166067 0.108268 -0.195445
-0.333526 -0.319885 0.278256 -0.348007 -0.243288 0.593961 0.150250 -0.391593
0.407909 -0.155245 0.594281 0.322436 -0.553914 -0.174260 -0.116809 -0.039287
-0.075800 -0.269054 -0.493264 -0.355330 -0.184650 -0.513983 0.319592 0.389721
0.116139 0.163272 0.168424 -0.113574 0.053957 -0.109459 0.950056 -0.032996
-0.251279 0.066461 -0.248992 0.414659 0.131955 -0.750548 -0.327161 -0.103602
-0.613700 -0.319229 -0.555633 0.350122 0.127702 0.249582 -0.006205 -0.107306
-0.196043 -0.049690 -0.278628 -0.482083 0.642868 -0.092274 -0.424886 0.216188
-0.342891 0.015726 0.070589 0.235035 0.864752 -0.101221 -0.180782 0.176721
0.401050 -0.148833 -0.174251 -0.483031 0.498598 0.243603 0.217048 -0.445279
-0.125632 0.176023 -0.382757 0.606088 0.612521 0.176725 0.123646 -0.132983
0.048363 0.558931 0.487596 0.294291 0.001106 -0.122073 0.100068 -0.579642
-0.308729 0.172122 -0.132415 -0.295444 -0.560170 0.143117 0.349871 0.559962
-0.172442 0.404100 0.584551 -0.089993 0.549776 -0.107195 0.013149 0.378486
0.096376 0.176299 -0.011002 -0.577403 -0.099055 -0.407525 -0.113111 0.661387
-0.414601 0.041984 -0.773210 -0.232365 0.157425 0.264224 -0.129771 0.251114
0.063714 -0.451981 -0.368308 -0.712560 0.139986 -0.107038 -0.072077 0.334685
0.081895 -0.185602 -0.121153 0.633339 -0.407370 -0.411906 -0.308091 -0.335428
0.551524 0.077509 -0.006052 0.181854 0.351936 -0.384094 -0.185242 0.592457
-0.460458 -0.082833 -0.206561 0.332238 0.461177 0.515311 -0.126327 0.365895
0.000130 0.358782 0.225313 0.139529 -0.357809 0.430947 0.623426 0.314068
0.316532 -0.063931 0.295327 -0.049632 0.231607 -0.102653 0.413934 -0.755327
-0.458659 0.014203 0.480722 0.305521 0.217908 -0.334621 -0.545131 0.091496
0.026616 -0.299683 0.305410 -0.056788 -0.292088 -0.798560 0.181621 -0.238710
0.778156 0.279407 -0.324225 -0.073021 -0.376858 0.066738 0.216778 -0.111731
0.221978 0.744210 -0.005136 -0.171320 -0.296636 0.076249 0.509188 -0.120088
-0.030002 -0.324819 -0.231742 0.067393 -0.592946 0.188144 -0.665338 0.075429
-0.391259 -0.383600 0.104411 -0.157512 0.291913 0.625991 0.363579 0.234069
0.544200 0.290264 -0.074899 -0.076056 0.069041 0.419222 0.537529 0.372490
0.008617 -0.770025 -0.039220 0.348203 -0.235013 0.313697 -0.014027 0.361067
0.010361 0.295946 -0.452091 -0.179799 -0.595029 -0.350311 -0.139665 0.423451
0.531807 0.026076 0.124990 0.110448 0.310752 0.525403 -0.459853 -0.323421
0.048682 0.296242 -0.425616 0.193397 0.053789 -0.624464 0.109345 0.535271
0.045215 -0.237940 0.291908 0.234514 -0.363948 0.769199 0.275637 -0.032123
-0.159220 -0.575409 -0.096919 0.413135 0.492716 0.262232 0.363468 0.140844
-0.199356 -0.220683 0.473292 0.540118 -0.319655 -0.119783 -0.153722 0.505635
-0.169691 0.270479 -0.368187 0.202429 -0.689512 -0.222907 -0.388307 -0.213568
0.740750 -0.032066 0.007028 -0.063522 -0.303289 -0.144961 0.106392 0.567327
-0.535398 -0.314021 -0.048751 0.593897 0.405464 -0.242107 -0.094221 -0.166599
-0.629410 0.134034 -0.366432 0.327959 0.229420 -0.410534 0.215559 0.276427
-0.153207 -0.390983 0.366332 -0.565639 0.577153 -0.001740 0.111780 0.154628
0.376324 0.029423 -0.460031 -0.451266 0.521256 -0.381846 0.123662 0.097157
0.063144 0.109077 -0.726536 -0.286862 0.092178 0.050694 0.575753 0.177239
0.067136 0.766917 0.354194 -0.289928 -0.129743 0.041802 -0.266037 -0.329339
-0.238472 0.076088 0.716823 0.203795 -0.345427 -0.310995 0.291868 -0.284166
-0.288612 0.022918 0.162027 0.692785 0.386385 0.038278 0.304500 0.408038
-0.576510 0.027458 0.683205 -0.356527 0.120773 0.132068 0.186137 -0.079547
-0.398007 -0.115886 -0.355550 -0.426322 -0.364465 0.418274 -0.368191 -0.276843
0.380512 -0.058987 -0.194577 -0.105273 0.361640 -0.215658 0.640546 0.463894
0.123450 -0.408428 0.150542 0.106227 0.306244 -0.646214 -0.292281 -0.432659
0.204679 0.600781 0.407397 0.327194 -0.105417 0.217695 -0.514409 0.031947
0.415845 -0.220354 0.186459 0.314027 0.532900 0.421123 0.298156 -0.308082
0.234024 -0.162327 -0.360094 -0.366156 0.422721 -0.321435 -0.413581 -0.449536
0.146458 -0.028948 0.302146 0.742793 -0.237469 -0.185267 0.291612 -0.398655
-0.037567 -0.345970 -0.189343 -0.402586 -0.197096 0.290689 0.720211 0.197271
0.118862 -0.359325 -0.533723 -0.043594 0.437789 0.498712 0.258108 0.251007
-0.176697 -0.043801 -0.536598 -0.294363 0.132371 -0.604676 -0.357102 0.285650
-0.327981 0.170918 -0.013852 0.547015 0.206895 0.022873 -0.035309 -0.720572
0.160169 -0.483748 0.040620 -0.494114 -0.457518 0.056808 -0.058325 0.527811
-0.620375 0.526409 -0.169416 0.102083 0.375403 0.031865 -0.243883 0.312226
0.345210 -0.360533 0.148625 -0.515430 -0.005939 -0.491709 0.360744 0.301894
0.242230 0.010297 0.150848 -0.515844 0.106861 0.276189 -0.139598 0.738364
-0.613279 -0.278179 0.036601 -0.476564 0.236358 -0.123108 -0.207047 -0.451845
-0.395631 -0.658274 -0.444462 -0.233014 -0.111199 0.212681 0.031608 0.315772
-0.040614 0.081123 0.245561 -0.393722 0.787718 -0.234998 -0.135409 -0.287043
-0.404480 0.611199 0.038358 -0.289977 0.070962 -0.181729 0.324979 -0.483323
0.183550 -0.406307 -0.266475 0.121623 -0.261459 0.612055 0.028941 -0.521166
-0.162084 0.003075 -0.082628 -0.077337 0.287634 0.898380 -0.254782 -0.078603
-0.182330 -0.173060 0.312520 -0.168807 -0.182616 -0.116225 0.139803 0.862693
0.203869 0.373872 -0.452469 -0.040781 0.217835 -0.666102 0.101486 -0.332900
0.116279 -0.263902 -0.357148 -0.125574 -0.156124 0.331816 0.266923 0.753516
0.406369 0.377990 0.217698 -0.036011 0.373565 -0.191047 -0.515142 -0.449309
0.411981 -0.217031 0.002057 0.002912 -0.042177 0.543040 -0.549976 0.428966
0.497353 0.314543 -0.295171 -0.319051 -0.405831 0.188819 -0.422623 0.292955
0.493294 0.527582 -0.007283 0.551553 0.224522 0.140069 -0.010628 -0.322355
0.367223 0.118686 -0.212399 0.704536 0.012951 0.051783 0.542003 0.113846
-0.065455 -0.118405 -0.170892 0.608104 0.412785 -0.339316 -0.290466 0.461307
-0.045084 -0.304741 0.122800 0.242438 -0.025640 0.216513 0.768211 0.439957
0.055379 -0.131184 -0.604754 0.296941 0.437086 -0.423172 0.393920 0.023034
0.473321 -0.548460 0.420352 -0.092467 -0.199114 0.396575 0.042242 -0.302011
0.014824 0.557327 -0.287018 0.564607 0.245103 0.054770 -0.115755 0.459927
-0.036563 -0.457448 -0.200164 0.076534 0.298809 -0.396893 -0.688167 0.151979
-0.639803 -0.297581 0.352927 0.499233 0.058838 0.346547 0.022976 0.064978
0.065186 0.734470 0.004172 -0.171634 0.297624 -0.140052 -0.229018 0.515931
-0.016754 -0.212134 0.376856 -0.015059 -0.528249 0.025571 0.700543 -0.204964
0.256803 -0.013108 0.359189 0.351349 0.037479 -0.190760 -0.754980 0.271347
-0.032146 -0.311002 -0.140479 -0.662794 -0.141579 -0.155199 -0.624226 -0.097087
-0.276391 -0.357357 -0.414225 -0.288192 -0.628459 -0.292194 -0.246841 -0.000243
-0.008419 0.013644 0.447044 0.269367 -0.052622 0.709950 -0.453166 0.123200
-0.124661 0.092125 0.499768 -0.159634 -0.222182 -0.583709 -0.374029 0.413211
0.255187 0.107640 -0.215587 0.107313 -0.368451 0.750869 -0.389525 -0.118360
0.171693 0.178400 0.453104 0.219205 -0.196263 -0.601286 -0.418741 -0.331562
0.455166 0.059401 -0.250225 -0.658538 -0.278198 0.067447 0.287343 0.358471
0.069551 -0.048521 0.625829 -0.392366 -0.044076 0.637942 -0.005472 0.195583
-0.602356 0.094253 0.171409 0.131854 0.581515 0.301260 0.231569 -0.314605
0.236243 -0.417984 -0.126536 -0.316426 -0.108602 0.773098 0.065017 0.199097
0.279133 -0.229253 0.600292 0.258737 0.110885 -0.374126 0.515766 -0.154769
-0.024272 -0.151873 -0.448740 -0.368898 -0.153165 0.124327 -0.569133 0.525419
-0.595998 0.394358 0.245991 -0.373401 -0.061153 -0.264311 0.141121 0.442508
-0.041692 0.014383 0.062521 -0.050558 0.862859 0.210710 0.444850 0.069101
-0.280166 -0.247869 -0.505101 -0.346380 0.032874 0.592707 0.254596 -0.260310
0.431550 0.057042 0.138608 -0.262894 -0.573744 0.479825 0.390827 -0.100128
0.028655 -0.037977 -0.024098 0.397707 -0.321125 -0.618553 -0.445139 0.393837
-0.294662 0.089186 -0.630734 0.333489 0.375544 -0.057160 -0.497597 0.065389
0.298974 -0.377119 -0.773802 -0.091259 0.262168 -0.112322 -0.225196 0.170987
0.691234 0.415846 0.445285 0.055286 -0.216921 -0.044176 -0.029380 -0.313153
0.073899 -0.450956 0.365657 0.624119 0.033040 -0.470653 -0.212272 0.016827
-0.624865 -0.036525 -0.447080 0.111600 -0.126984 -0.218901 -0.362370 -0.447795
0.337339 -0.465467 0.244818 -0.194178 0.392551 0.075757 0.641880 -0.007533
-0.069809 0.459618 -0.404759 0.267441 0.036460 -0.352146 0.650276 0.018138
0.226343 -0.513056 0.228330 -0.419991 -0.603040 -0.151021 -0.091085 -0.249509
0.292602 0.463189 -0.162543 0.048552 -0.328527 0.357111 0.112270 -0.650385
-0.036491 -0.021511 0.443750 -0.577356 -0.053243 -0.331639 0.439075 -0.402922
0.535083 0.487719 0.286538 -0.100053 0.419464 0.342598 0.169146 -0.248533
-0.211598 -0.793296 -0.015380 -0.059333 -0.326549 0.090692 -0.194303 -0.411750
-0.276022 0.642290 0.307066 0.129986 0.537059 -0.081605 -0.177736 -0.270938
0.132134 0.592042 -0.438051 0.373084 -0.084310 0.410179 0.352971 0.031689
0.176153 -0.071462 -0.080141 0.500473 0.172812 0.715689 0.245840 0.323195
-0.322554 -0.209646 0.108475 -0.530659 0.344963 0.170117 0.512449 -0.384837
0.069411 0.275280 -0.166569 -0.130200 0.773666 0.391373 -0.250447 -0.245459
0.711937 0.131110 -0.485945 -0.030956 0.367928 0.068856 -0.236468 -0.206946
0.036964 -0.058574 -0.522357 -0.084874 0.159724 0.415342 -0.373800 -0.614325
0.243269 -0.269875 0.381780 0.326593 0.163557 -0.357117 0.316070 0.601153
-0.128407 0.430018 -0.146993 -0.083957 -0.259967 0.265971 -0.753872 -0.251584
-0.469659 -0.031592 -0.639132 0.110353 -0.464021 -0.058589 0.342199 0.148012
0.277654 -0.124009 0.091040 0.607907 -0.520044 0.300127 -0.315561 0.263799
-0.751274 -0.019352 0.146664 0.227109 -0.254826 -0.094979 0.512126 0.160917
-0.431880 -0.257237 0.028820 -0.181029 -0.149751 -0.718641 -0.385648 -0.161596
-0.393221 0.254399 0.395039 -0.296510 -0.172640 0.591111 -0.362053 -0.162436
-0.144735 0.270327 0.800819 -0.076109 -0.324921 -0.047921 -0.388232 -0.016679
-0.531144 -0.329714 0.034489 0.080341 0.109161 0.468399 -0.280409 -0.539988
0.364919 -0.123250 -0.493109 0.312649 -0.295099 -0.178253 0.469473 -0.414096
-0.127603 -0.693907 0.470809 -0.160345 -0.166804 0.298957 0.329241 0.170996
0.693511 0.074993 -0.025221 0.239667 0.143269 -0.482685 0.021465 -0.448744
0.005956 -0.611830 0.215534 0.234153 0.247000 0.660547 -0.161627 -0.029846
0.078765 -0.124291 0.448430 0.209080 0.584839 -0.556926 -0.185292 0.216815
-0.039894 0.015705 0.483092 0.094450 0.059582 0.151444 -0.734524 -0.435721
-0.337649 0.149712 0.271950 0.305511 -0.596604 0.219840 -0.522025 0.139681
0.732696 -0.090093 -0.010334 -0.088544 -0.071021 0.194884 0.019447 -0.635367
-0.145645 -0.538618 0.593440 -0.094852 0.056128 0.049229 0.254429 -0.507151
0.406851 0.573723 -0.043408 0.328697 -0.570246 0.226319 -0.058850 0.124595
-0.228028 -0.290909 0.093367 0.208646 0.526407 -0.410809 0.584271 0.154545
-0.581769 0.099404 -0.103142 0.646386 -0.143964 -0.108432 -0.290736 0.325883
0.105206 -0.469795 0.704144 -0.178654 -0.260899 -0.320042 0.142149 0.223129
-0.170848 -0.372086 0.823608 0.180560 -0.050781 0.219229 -0.234456 -0.125784
-0.506414 -0.029653 0.258240 0.092562 0.157933 -0.319132 0.563870 -0.471882
0.406799 -0.493912 0.288023 0.168794 -0.123225 -0.076114 -0.306112 0.603685
0.115493 0.013663 0.067886 0.674004 0.329696 -0.233600 -0.513943 -0.316511
-0.003472 0.642737 -0.020541 -0.306782 0.338758 0.076553 0.514952 0.326416
0.028454 0.340566 -0.242699 0.643612 -0.217445 0.002051 -0.595519 0.090202
-0.097342 -0.247901 0.343336 0.167201 -0.000868 0.544489 0.021339 0.697359
-0.199696 -0.507764 0.405301 0.352311 -0.600361 0.103538 0.090301 -0.186008
-0.200756 0.535998 -0.441394 -0.441767 0.094004 -0.447546 0.175056 0.206491
0.290359 -0.435797 -0.166389 -0.367938 0.506525 0.326244 -0.418251 -0.157396
-0.310743 0.484161 0.141258 0.355724 -0.327971 0.058044 0.578214 -0.277971
-0.645811 -0.284619 0.560829 -0.043581 -0.283330 -0.247916 -0.064546 0.198966
0.129738 -0.001955 0.045940 -0.756243 -0.424036 0.362515 -0.302903 0.078594
-0.909545 0.160418 0.137821 0.086199 0.143057 -0.246831 -0.072724 -0.184094
0.352832 -0.258243 -0.139356 -0.266386 -0.407334 -0.507958 -0.469395 0.272331
0.310128 -0.571294 0.024991 0.415630 -0.093038 0.214579 0.556332 -0.199663
-0.192107 -0.165450 -0.304067 0.498628 -0.135043 0.260502 -0.549607 -0.454389
-0.083691 0.173997 0.224814 -0.476422 -0.514402 -0.239929 -0.472278 -0.374138
0.675450 -0.366361 -0.048868 0.567393 -0.218547 -0.181361 0.057628 -0.035344
0.027150 -0.266025 -0.627055 0.358676 0.175495 -0.349415 -0.242686 -0.441431
0.356148 0.059778 0.208522 -0.466431 -0.033022 -0.588783 -0.152497 -0.487376
0.405885 -0.375261 -0.438445 -0.590063 -0.162988 0.272128 -0.085439 -0.214731
0.307049 -0.527546 0.204611 0.460202 -0.188855 0.217999 -0.483612 -0.238104
0.313401 0.238292 0.462484 0.326513 0.371829 0.200142 0.508830 0.295419
-0.474193 0.345645 -0.185681 0.241186 -0.247470 -0.514640 0.185550 -0.449997
0.374501 -0.375341 -0.396063 0.460966 -0.127184 -0.117770 -0.498972 0.265506
-0.034917 0.550411 0.074289 0.269494 0.601317 0.470515 0.019930 0.185255
0.031565 -0.057634 -0.628355 0.172552 -0.342556 -0.665442 0.081540 -0.065364
-0.283775 0.061971 -0.164080 -0.027026 -0.003295 -0.306548 0.650576 0.608891
-0.094401 -0.196684 0.740855 -0.121317 0.168941 0.010350 -0.287868 0.526597
-0.249683 0.464055 0.039343 0.758586 0.237214 -0.289539 0.003548 -0.072083
0.030082 0.333497 0.595488 0.335995 -0.502186 0.367399 0.113762 -0.142345
-0.207864 0.312092 0.452469 0.095252 -0.632681 -0.165011 0.158946 0.439105
-0.517849 -0.033791 0.384350 0.031807 -0.507202 0.473569 0.186908 0.255926
0.246998 -0.346156 0.285360 -0.753039 -0.095114 0.233519 0.317243 -0.080305
-0.078888 0.237202 0.307921 0.484401 -0.084830 -0.333871 0.648687 0.261901
0.696020 0.069971 0.200931 0.438171 -0.155335 0.499628 0.066533 -0.010459
0.212658 -0.000418 0.400428 -0.399539 -0.392807 0.014953 0.559274 0.409261
-0.028819 0.309206 0.440118 -0.313715 -0.216185 0.331685 0.370992 -0.563076
-0.377273 -0.041889 -0.391878 0.128578 -0.205998 0.633879 0.376589 0.315838
0.354490 -0.577618 0.166383 0.192408 -0.218757 -0.306587 0.071296 -0.573635
-0.343881 -0.369785 -0.257780 -0.108847 0.587662 -0.553630 -0.042211 -0.114339
0.487570 0.587426 0.329195 -0.406013 -0.170416 0.222446 0.044438 0.251976
-0.022837 0.064121 -0.761758 -0.201465 -0.201961 -0.087532 -0.545373 -0.169180
0.369658 -0.129365 -0.253973 0.592079 0.139944 0.153418 0.056311 -0.620698
-0.271893 -0.484308 -0.393119 0.113101 0.163142 0.000628 0.159630 -0.687087
-0.043202 0.381811 0.252332 0.624112 -0.536384 -0.317033 -0.099220 0.033229
0.269213 -0.280587 0.061670 0.667117 0.531704 -0.250117 0.225920 -0.060333
0.551395 -0.375886 0.309238 -0.010787 -0.040713 0.392289 0.351697 0.423900
0.254480 0.135722 -0.175856 0.636867 0.230776 0.522403 -0.392523 0.007623
0.529469 -0.024172 -0.107088 -0.336405 0.249503 -0.102830 -0.643767 0.327383
-0.001304 -0.451340 -0.779409 -0.193476 -0.202359 0.014891 0.228044 -0.241257
-0.039855 0.164642 0.599000 -0.728996 0.081598 -0.103292 -0.015370 0.252001
-0.249571 0.772992 -0.111096 0.370366 -0.250364 0.167962 -0.109145 -0.296442
-0.168229 0.066046 -0.492756 -0.742377 0.261926 0.018514 0.007629 -0.323108
0.769937 0.396839 -0.024294 -0.336221 0.149139 -0.313676 -0.112422 0.052992
0.066900 0.618724 0.192737 -0.548551 0.314611 -0.410749 0.023236 -0.080090
0.187774 -0.599061 0.179917 -0.536414 0.266785 -0.231879 -0.022892 -0.400364
0.298035 0.091608 -0.636113 -0.222135 -0.091039 -0.103985 0.058693 -0.652882
-0.367285 -0.338678 0.063959 0.038778 0.097452 -0.686104 0.019257 0.514001
0.241598 -0.227108 -0.247904 -0.308781 -0.679742 -0.253735 0.451007 -0.058417
0.394911 -0.132939 0.039090 0.299781 -0.735644 0.133956 0.150081 -0.391580
-0.219390 -0.347204 0.084401 0.407504 0.156873 0.253456 -0.733829 0.175441
0.853882 -0.042611 0.166587 0.229957 0.256228 -0.077114 0.326809 0.100182
-0.139806 0.049544 -0.072449 -0.132435 0.364890 0.382739 0.180854 -0.801792
0.235140 0.440990 0.218435 -0.124419 -0.017739 -0.226994 0.366320 0.707823
-0.107854 -0.522503 -0.083400 -0.172411 0.408008 0.330913 -0.320617 0.547639
-0.677663 0.465512 0.161848 -0.140657 -0.511621 -0.008823 0.013532 -0.126788
-0.058805 -0.263362 -0.098406 -0.015026 -0.250371 -0.263701 -0.700015 -0.543164
-0.163736 0.372700 -0.554440 0.201112 0.110288 0.053520 0.358891 -0.585325
-0.688362 -0.634551 0.131977 -0.034634 0.220502 0.046825 0.197327 -0.123016
-0.300163 0.077005 -0.108084 -0.410569 -0.688696 0.218842 0.356776 -0.272473
-0.106707 0.079770 -0.681110 0.407137 0.066992 0.101046 0.248045 0.525694
-0.399505 0.265358 0.152155 -0.794111 -0.139597 0.112630 0.001946 -0.289898
-0.101046 0.043554 0.062127 -0.056182 0.368990 -0.191405 -0.533999 0.723141
-0.319780 -0.577672 -0.509831 -0.269829 0.154008 -0.024491 -0.386260 -0.240386
0.280450 0.520025 -0.214606 0.530325 -0.262845 -0.332133 0.154752 -0.346805
-0.277739 0.134285 0.505819 -0.167742 0.286368 -0.070186 -0.153929 -0.714291
-0.519318 0.169911 0.166734 -0.262544 -0.080640 0.313513 0.706629 -0.024319
0.605112 -0.367784 -0.026181 0.271294 0.419938 -0.205529 -0.444689 -0.089167
-0.169846 -0.675621 0.287815 -0.015335 0.388488 -0.028503 -0.472404 -0.238152
0.645684 -0.175497 0.357818 -0.229422 0.561094 -0.047064 -0.052204 -0.227723
0.423622 -0.448941 -0.299690 0.449981 0.202681 0.001626 0.246570 0.474154
-0.096923 0.013739 0.021693 -0.387184 0.564600 -0.433135 0.188783 0.545909
0.500731 -0.029012 0.555166 -0.274493 0.345723 -0.140057 0.164666 0.445665
0.040361 -0.427149 -0.350746 0.370500 0.585187 0.242339 -0.334294 -0.206633
-0.460413 -0.547764 -0.023003 0.447109 -0.255860 -0.174299 -0.437395 -0.019522
0.057724 -0.001618 0.015514 0.136342 0.536480 0.121937 0.172251 0.803421
-0.416855 -0.346978 -0.245966 -0.190938 0.702000 0.305170 -0.061002 -0.138664
0.569923 0.601439 -0.269726 0.219022 0.107473 -0.185091 0.232291 0.304908
0.420598 0.129149 -0.504569 0.629661 0.260802 -0.272294 -0.113262 0.019100
0.360551 0.198423 0.114347 0.407162 -0.332095 0.105275 -0.461158 -0.563683
-0.411903 -0.061569 -0.271583 -0.465989 0.260370 0.169197 0.259128 0.609980
0.401642 -0.092838 0.591818 0.427631 0.240943 -0.072021 -0.113101 -0.470017
-0.373867 0.311769 -0.082899 0.038726 -0.292713 0.741529 0.171316 -0.299593
0.157641 -0.148011 0.819681 -0.202814 0.231845 -0.352199 -0.132011 -0.212152
-0.617175 0.257124 -0.292326 -0.499393 -0.148521 -0.211263 -0.388168 0.027735
0.212113 0.172420 -0.294797 0.100388 0.701705 -0.480294 -0.323208 0.027594
-0.325050 -0.487526 0.005892 -0.077410 -0.287813 -0.205933 -0.459696 0.560419
0.244799 -0.794596 -0.163184 -0.163713 -0.059193 0.057950 -0.478177 0.140519
0.435570 -0.508111 -0.434997 0.056583 -0.260180 -0.064118 -0.326959 -0.425407
0.396084 0.075918 -0.328282 0.090720 -0.075533 -0.577146 -0.589240 -0.188015
-0.134871 -0.575346 0.168274 0.595665 0.075112 0.169085 0.043793 -0.481149
-0.096229 0.310241 0.024978 -0.582438 -0.183768 0.608921 0.330192 0.202609
-0.555923 -0.247147 0.269342 -0.281718 -0.434745 -0.244482 0.197165 -0.436244
-0.423088 0.025459 -0.776750 -0.188575 0.126117 -0.339437 0.113523 -0.193488
-0.613326 -0.018055 0.004167 0.551759 -0.457865 -0.017365 0.004726 -0.330282
0.256999 0.499444 0.212300 0.030066 -0.062039 0.791852 0.086376 0.013929
-0.352341 0.316200 -0.025410 -0.149753 -0.285961 0.121430 -0.209566 -0.782538
-0.244998 -0.145753 0.255118 0.100517 -0.798548 -0.388930 -0.219326 -0.080588
-0.038763 -0.468691 -0.160208 -0.200339 -0.720187 0.432350 0.077652 0.037398
0.301825 -0.563261 0.422271 -0.472565 0.144576 0.253491 -0.249787 0.206044
-0.354033 0.081336 0.104727 -0.428368 -0.629986 -0.004669 -0.396522 0.345607
-0.447403 -0.318810 0.502218 -0.149263 0.379837 -0.522044 0.028062 -0.078071
-0.033128 0.616324 0.057749 -0.600327 -0.447396 -0.169826 0.049513 0.154481
0.228227 0.006542 -0.336620 -0.283099 -0.742506 0.131347 -0.239972 -0.358131
-0.239453 0.404900 -0.192470 -0.292318 0.132482 -0.481499 -0.416548 -0.483031
0.255085 0.144807 -0.368319 0.066607 -0.450430 -0.059983 0.627006 0.417429
-0.032144 0.299314 0.342262 0.734991 0.164183 0.403798 0.208696 -0.135873
-0.008198 -0.676211 0.069603 -0.183146 0.254176 -0.053933 0.324503 0.575734
-0.462522 0.261950 -0.309943 0.159343 0.581710 -0.339600 0.110421 -0.360687
-0.015413 -0.218911 -0.144624 0.463650 0.116495 -0.606101 0.308988 -0.489439
-0.006165 -0.523261 0.467043 0.018180 -0.278504 -0.333302 -0.564559 -0.017861
-0.044359 0.058283 0.410626 -0.358367 0.293436 0.298346 0.530595 0.490865
-0.283775 0.172814 0.192348 -0.307480 0.543291 0.449979 -0.224204 0.458423
-0.096357 0.214429 -0.233762 0.256406 0.349972 0.317490 0.733430 0.251293
0.791430 0.012593 0.069431 -0.386882 0.037231 0.459723 -0.062334 0.048637
0.405105 -0.788114 -0.174833 -0.163225 -0.240535 -0.035142 0.290263 0.119217
-0.311477 -0.063277 -0.141594 -0.268800 -0.299612 0.671029 -0.258252 0.447141
0.006495 -0.030890 -0.718438 -0.093313 0.600938 0.090298 0.085628 -0.312301
-0.034942 0.198113 -0.638608 0.231688 -0.480976 0.323999 -0.251280 0.313969
0.353519 -0.089038 0.229138 -0.098975 0.561488 0.653459 0.025210 0.248766
0.651849 -0.397798 -0.166199 -0.250538 0.336918 0.096790 -0.002199 0.451189
0.121653 -0.078367 0.130090 0.040205 -0.464831 -0.667069 0.245069 0.489298
-0.356783 -0.170756 -0.218722 0.643271 0.041168 -0.061715 0.573178 -0.218804
0.194452 -0.364614 0.076729 0.054552 0.281650 0.104593 -0.335195 -0.785977
0.149297 0.304619 0.762133 0.397149 0.060114 -0.343718 -0.031207 0.153669
0.125307 0.170402 -0.091147 0.155231 -0.139968 -0.360895 -0.162636 -0.864043
