0.846463 -0.534009
-0.756150 0.655327
0.412742 0.914767
-0.810317 -0.587963
-0.581930 0.813743
0.171139 1.025026
-0.973311 -0.234339
0.216680 -0.982341
-3.095844 2.401897
-0.493405 0.872374
1.270692 -0.302567
1.913347 2.462425
-0.901591 1.085070
0.912738 -0.410414
1.149003 1.553916
0.861543 0.509781
0.405608 -0.914687
-1.010886 -0.096309
-0.374954 0.927765
0.992138 -0.153749
-1.935120 -0.028564
0.661441 -0.754262
-0.780982 0.625058
0.105586 -1.000715
0.080305 -0.997641
0.336289 0.944564
0.565448 -0.828500
2.604102 2.761935
-0.659788 0.751993
1.117906 -1.490672
0.987186 -0.369790
-2.541058 2.267213
2.132805 1.380894
-0.143659 0.990375
0.158416 0.988340
-0.229013 0.974037
0.618970 1.060833
-0.471008 2.583800
0.152381 -0.990215
2.267016 1.452695
0.858361 -0.930599
-0.992147 -0.133173
-0.424876 0.905973
-0.004390 1.427023
0.047221 1.002993
-0.699756 2.522704
0.279407 0.962954
-0.409624 -0.916230
0.026110 1.002482
-0.138574 1.018955
-0.274455 -0.965781
-0.860236 0.516258
-1.032897 -0.126353
0.156255 -0.995061
0.692493 -0.733838
-0.636517 -0.794173
0.198642 0.989645
-0.707237 -0.708247
1.006320 -0.062698
0.804333 0.636667
0.919236 0.394822
0.054494 -0.999449
0.436187 0.900236
-0.468962 0.883880
-0.985980 0.205597
-0.527817 -0.850255
-0.691499 -0.732039
0.879467 -0.517234
-0.164070 -1.006833
0.314576 0.970531
0.925686 0.379845
-0.937702 0.381098
0.986927 0.173121
-0.558523 -0.832430
1.908381 -4.442888
-4.568639 -4.318419
-0.741541 0.682671
0.127586 -0.992692
-0.400011 -0.923987
0.706284 0.761205
-1.600799 0.406839
0.997644 0.078934
-0.453017 1.252380
0.422044 0.907725
-0.977021 -0.228019
0.867099 0.500293
0.985157 0.188496
1.055696 0.233637
0.766518 0.663591
5.720185 3.301612
-0.529635 -0.870324
0.787701 -0.623829
0.666214 0.749547
0.995080 0.177345
0.850732 0.531228
-0.670091 -0.748618
0.877402 -0.482477
-0.821385 -0.571647
0.802533 0.603740
-0.590148 -0.809235
0.156402 1.810468
0.972798 0.235959
-0.564565 0.826244
0.879880 0.494169
0.555402 0.832725
-1.064302 1.428825
3.063795 -2.713509
-0.040663 1.001088
1.003887 0.432571
0.581376 0.947817
-0.037676 -0.999882
-0.721584 0.692888
-0.438689 1.126491
-0.980281 -0.202959
-0.479964 0.918860
-0.792492 -0.636859
0.261162 -2.457290
-3.021825 -1.644164
0.427905 -0.939305
-0.911026 0.414208
-0.843595 0.538481
-0.539436 0.845690
-0.242399 -0.972367
-0.460397 0.891631
-2.716173 -0.244744
-0.875388 -0.485669
0.741164 0.673429
0.930333 1.234750
2.301664 1.084075
0.759609 1.905741
-0.978142 -0.245708
0.993213 0.130854
-0.903473 0.430154
-0.597334 -0.842914
0.280915 1.150729
0.219682 0.975980
3.910127 3.344532
1.000651 -0.014464
0.876766 -0.490260
-0.355722 -0.936022
1.087038 -0.151227
0.918481 -0.397455
-0.737590 0.675800
0.815283 -0.581040
0.245787 0.969648
0.116412 0.994152
0.903510 -0.430664
-0.982018 -0.194777
1.610821 1.489075
-0.778800 0.628161
-0.107066 -1.001107
-0.991375 0.211205
-0.377382 -1.260276
0.454659 0.894236
-2.112414 0.043489
0.994281 0.217835
-0.882780 -0.748779
-2.455097 1.960484
0.171687 -0.987400
-0.923767 0.403018
-0.596000 -0.804155
-0.754204 0.672779
-0.181839 1.584287
-0.200856 0.982142
-0.980644 -0.221040
-0.481662 -0.877193
-0.767610 -0.649848
0.584470 0.822191
2.188252 0.779890
0.499344 0.868493
-0.976218 0.220631
-0.988012 0.158177
0.372655 0.931189
-0.746215 -0.674170
2.070863 1.323118
-1.151051 -2.061392
-0.806494 -0.596780
0.005200 -1.006085
0.426402 -0.908085
-0.055733 0.999604
0.813988 -0.617894
0.651980 -0.836853
0.544575 0.841101
-0.372144 1.008880
-0.994573 0.120563
2.306726 3.329252
-4.258428 2.674007
0.938682 0.351112
0.627160 0.779939
-1.475876 1.186535
-1.002360 0.506295
1.042531 -0.787961
-4.097979 1.287546
-0.945161 0.336776
1.015363 0.219612
1.263309 -0.318561
-0.794226 -0.609005
0.996298 0.381618
-1.006554 0.026068
-0.942630 0.342959
-0.017665 -1.005298
0.775543 -0.633202
-0.486479 -0.874511
-0.328226 0.945472
-0.336804 -1.013180
-2.465164 -1.122093
0.340129 0.955911
-0.774217 0.831236
-0.977259 0.254195
0.032094 1.000297
-0.187046 -0.984016
-2.897823 2.054574
-0.889699 3.297218
0.759342 -0.657035
0.981717 -0.220687
-0.445496 -0.897919
0.710941 0.704501
0.256134 0.968945
0.788290 0.616347
0.892621 0.466285
-0.990879 0.139132
-0.010996 1.001166
0.427079 -1.078990
0.888241 0.503365
0.982582 -0.190823
0.919204 0.418145
0.995777 -0.224672
0.928771 -0.374861
-0.802766 0.597710
0.489408 0.873454
0.222635 -1.897774
1.937618 0.706409
0.228561 -0.975622
-0.265480 -0.966555
-0.891823 -0.457526
1.043858 -1.872734
0.328296 1.072096
-0.136597 -0.991090
0.991526 0.161729
0.960939 0.302474
1.247272 0.077290
0.319817 -0.949811
-0.336733 0.943886
-0.441173 0.898331
0.648674 -0.763457
0.944371 -0.332654
-0.895253 -0.447874
-0.054982 -1.177825
-0.368608 1.088975
3.899318 3.013471
1.003143 -0.076470
-0.894855 0.454365
-0.856860 -0.517449
-0.570146 0.822180
-0.915783 0.683793
-0.870790 -0.511985
-0.706103 -0.741721
-0.999143 0.059788
1.177261 0.145618
1.001828 -2.865085
-0.986677 0.170894
-0.962632 0.280602
1.854655 0.223563
-0.804462 0.802507
-0.224385 0.975118
0.772227 -0.636529
3.858941 -5.677474
-0.025840 1.287576
-0.025219 1.000722
0.960735 -0.285266
1.000338 0.028760
-0.232016 -0.976594
-0.554217 0.833219
-0.099015 0.995983
-0.244227 0.970331
-0.519522 0.855179
0.998518 0.070334
2.094823 -0.049893
0.931517 -1.918308
-0.322603 -0.955958
-0.490898 -0.887488
-0.745758 -0.707191
0.082368 1.422031
-2.572669 -1.639644
-0.117393 0.997691
-1.080796 -0.623683
-0.594998 -0.913007
-1.044959 -0.389401
1.292586 3.166103
-0.848902 -0.534446
0.775442 0.632449
-1.000095 0.040814
-0.393797 0.919909
0.969956 -0.246860
-0.873033 0.494824
-0.079593 -0.999246
-0.698267 -0.726582
7.063747 -1.165588
0.288516 2.868727
-0.137772 0.992656
-0.201660 -0.997725
0.554717 -0.835538
-0.865333 0.502535
0.958671 -0.289107
-1.211437 3.386861
-0.789463 0.614859
0.691681 0.724941
-0.066723 -1.001032
-0.753973 -0.661589
1.007828 0.094565
-1.003978 -0.047019
0.895734 0.451778
-1.985129 2.291621
-0.611013 0.792079
-0.325868 -0.947823
0.349114 -0.938244
-2.956012 2.079380
0.679092 -0.762011
-0.577792 2.541182
-2.016504 1.473599
0.105156 0.995299
0.570659 0.922906
0.206831 -0.979391
-0.429937 0.903818
0.932376 -0.364696
0.702373 -0.844785
-1.030736 1.103329
0.421492 -0.916009
0.227201 0.975691
-1.023142 0.006454
-3.795853 2.288872
-3.664125 -3.385384
-0.766159 0.654851
-0.371223 1.504068
-2.443211 0.246607
-0.492639 -0.875887
0.465460 -0.900284
-0.973004 0.236411
-0.837531 -0.548233
2.158603 4.946726
0.572337 0.822233
-0.509638 -0.861226
0.999142 0.096951
-0.797793 0.603975
-0.747398 -2.232394
-0.970547 0.297279
-0.642937 -0.767050
0.570242 -0.842693
0.322690 0.947615
-0.630791 -0.793597
-1.976388 -3.498829
0.436351 -0.901055
1.003965 -0.029070
-0.314237 -0.994470
-0.909596 -0.418868
-0.371048 -0.933729
-0.875445 0.508227
-0.999515 -0.057711
-0.505749 0.863390
1.000537 -0.045808
1.475435 -2.443584
-0.679972 0.737774
0.539101 0.850319
1.029428 -0.055112
0.515187 0.858908
0.396838 0.922797
-0.961524 -0.332312
-0.085076 -1.051228
0.291254 1.165383
0.981461 0.206786
-0.943728 -0.349659
-0.967415 0.263960
-0.627283 0.804155
-1.517206 0.286772
0.814989 0.581379
-0.923406 -0.400971
-0.922727 -0.391038
-2.518522 -0.801650
1.085815 -0.201693
0.816237 2.183810
-0.596437 0.803917
-0.497051 0.868739
-0.597516 -0.839189
-0.294907 0.956562
-0.750429 -1.054016
-0.850737 0.530798
-0.181283 0.985764
2.877215 -0.764381
3.354384 1.579408
0.990581 0.457428
0.381353 0.961698
-0.897913 -0.612891
0.612069 -1.043945
-0.799941 0.617108
-0.733908 0.732680
0.609568 -0.799203
-1.056697 0.461600
-0.830019 0.562001
-5.288871 2.008664
0.996063 0.124505
-0.069609 0.998437
0.848544 0.554785
3.767000 -0.675873
-1.099678 0.238352
0.347975 0.938219
1.442321 -2.583623
0.883318 -0.475475
0.940141 0.341959
0.999667 0.042831
0.973122 0.243152
-0.663374 -0.750449
-0.089185 4.195382
-0.984154 0.181633
0.898462 0.441632
-0.973579 -0.349010
-0.817189 -0.624817
0.835794 -0.551319
-0.780434 -0.626970
-0.984837 -0.611743
0.160793 1.583910
0.124291 -0.999297
0.408666 -0.999603
-0.486210 2.230510
-0.959049 -0.385791
0.996359 -0.113607
-0.822989 0.574347
-0.885002 0.467920
-0.385870 0.923542
0.828190 -0.566645
0.345029 -0.945392
0.584909 -1.015972
-0.376470 0.941077
0.895604 -0.455138
0.760308 0.837586
-0.948690 -0.319316
-1.173577 -0.150619
1.047222 -0.714041
5.808645 4.429087
-0.561509 -0.828278
-0.699510 0.726577
0.787987 -0.904130
0.862435 0.507573
-0.708586 -1.136403
-1.075108 -0.323921
-0.934077 -0.360101
0.606340 0.833147
1.383628 1.553627
0.132107 1.011150
-0.911503 1.079477
-2.047023 -1.655566
0.952295 -0.309492
-1.227797 -1.170333
-1.003567 -0.009372
-0.143478 -0.990659
0.667584 0.809685
5.541229 -0.467749
0.653780 0.760641
-0.967782 -0.256214
3.206656 -1.864538
-1.371746 -2.034890
0.182265 -0.990213
0.282823 1.577013
-0.920397 0.392900
0.385693 0.927304
-0.053376 -1.002018
0.585479 -0.813623
0.618388 -0.788024
0.482413 -0.879078
-0.423877 -0.906465
0.167856 0.987582
0.752116 -0.663314
0.470745 -0.889420
-0.268097 0.964351
-0.978817 -0.210242
-0.500408 0.931658
0.790903 1.207907
0.820727 -6.174605
0.336088 -1.025634
0.999259 -0.139596
0.631452 0.780324
-0.451773 -0.893926
0.932114 -0.470028
0.809379 0.589065
-0.302943 0.995721
-1.017540 0.120037
-0.153465 0.989097
-0.717086 0.709355
0.799764 -0.608628
-0.839950 -0.555032
0.499347 -0.867261
-0.309387 0.955370
0.958281 0.291183
0.407929 0.914170
0.285633 -0.962233
-1.032964 -0.451840
-0.947070 0.323845
-0.759161 -0.652121
-0.956518 -0.294874
0.365172 -0.933634
0.988819 -0.170205
