-0.192127 -0.464353 0.683566 0.121169 0.515287
0.006208 -0.174301 -0.885184 0.396209 -0.170442
-0.261348 -0.412953 0.320811 0.450666 0.674647
-0.345613 -0.680940 0.184997 -0.495244 0.370652
0.751597 0.067820 0.603022 0.244564 -0.083996
0.573132 0.205675 -0.016519 -0.779634 0.145312
-0.007661 0.031453 0.989954 -0.007018 -0.137460
-0.489357 0.382514 0.760804 0.155544 0.105817
-0.643624 -0.438136 0.442178 0.310931 -0.318727
0.169407 0.794604 0.005631 -0.528445 -0.246213
-0.589768 -0.487344 -0.351001 0.517931 0.152371
-0.291260 -0.117431 0.894437 0.279164 0.153062
-0.442098 0.462921 -0.218359 0.148123 -0.721549
0.696492 0.180983 0.542075 -0.182503 -0.393690
-0.211859 -0.686738 -0.267314 -0.622426 0.156964
0.535906 0.346584 -0.279461 0.695475 0.175790
-0.363691 -0.079225 -0.162653 0.261149 -0.875670
-0.071497 -0.367856 -0.316255 -0.842551 -0.222849
-0.218707 -0.395592 0.649866 -0.553852 0.258067
0.366703 -0.791840 -0.360377 0.183206 0.274013
0.553490 0.453450 -0.653952 -0.214659 -0.119583
-0.513443 -0.550457 0.428572 -0.489517 -0.100364
0.101442 -0.116422 0.391030 -0.433010 -0.797341
0.869230 0.309018 -0.287321 0.051155 0.252543
0.246584 0.700733 0.133456 -0.187414 -0.628678
-0.199645 0.088109 -0.339898 0.230334 0.885322
-0.215909 0.191831 -0.948585 0.100564 0.081608
-0.169101 -0.539689 0.275585 -0.470235 -0.618931
0.666918 -0.270756 0.409957 0.227610 -0.511900
-0.184021 0.308681 -0.271097 0.825640 0.340115
-0.432013 -0.291305 -0.011754 -0.514231 0.681128
0.077605 0.036884 0.559684 -0.386460 0.728026
0.257137 -0.672533 0.637740 0.089287 0.258648
-0.277677 -0.091352 -0.088876 0.891879 -0.333474
0.489894 -0.461621 0.232003 0.692030 0.119077
-0.182706 -0.802682 0.066647 -0.015749 -0.563588
0.488381 0.451896 0.144033 0.675280 -0.283771
-0.890234 0.147268 0.046780 0.273726 0.329671
0.005520 0.330484 -0.081126 0.812977 -0.472479
-0.302357 0.199920 -0.778869 0.408002 -0.309050
-0.702229 0.119239 -0.078043 0.660286 -0.224921
0.330515 0.141874 0.210819 0.904116 0.093611
0.362475 0.154332 0.173364 0.551456 -0.714588
-0.505056 0.062338 -0.653227 0.060164 -0.557412
0.617619 -0.054685 0.347821 0.662962 -0.234647
0.122634 0.664553 -0.669116 -0.309128 0.007459
0.187598 -0.524031 -0.575334 -0.030927 0.598527
-0.029472 -0.506425 0.692440 0.486824 0.161850
-0.257575 -0.302340 0.835546 -0.348758 -0.149921
-0.045684 0.407342 0.435634 -0.324844 -0.732588
-0.554732 -0.289243 0.716164 -0.133355 0.279172
-0.399547 -0.338055 -0.052691 -0.819346 0.227988
0.173502 -0.107909 -0.970509 -0.120434 -0.043138
-0.673695 0.229630 -0.366196 0.569344 0.187493
-0.003342 -0.239228 0.431544 0.800702 0.339718
-0.371158 -0.444125 -0.248654 0.552553 -0.545759
0.600821 -0.210330 0.604899 -0.459401 -0.133504
0.747464 0.201864 0.258533 0.314187 -0.484764
0.455526 -0.029618 0.554379 0.645915 0.258994
-0.711160 -0.098444 0.390644 -0.351970 -0.456153
0.079864 0.509522 0.397264 0.533795 -0.539679
0.100529 -0.081513 0.771035 0.368872 0.502682
-0.159381 0.095116 0.653682 0.731223 0.059701
0.343337 -0.522794 0.367847 -0.660753 0.192094
0.778403 0.425785 0.267255 0.099860 0.362492
-0.329864 -0.587270 0.219743 -0.080067 0.701147
-0.629225 -0.518765 0.070654 -0.306105 -0.486073
0.391546 -0.141063 0.617209 -0.541202 0.391085
-0.141108 0.447696 0.470992 0.318577 0.675524
-0.746466 0.298411 0.278759 -0.510718 0.123291
-0.204046 -0.524164 -0.344104 0.603368 0.448506
-0.272524 0.087791 -0.425757 -0.607982 0.605898
0.169192 -0.015173 -0.879346 0.341215 0.285425
-0.238816 0.769940 -0.328097 -0.453778 0.191305
0.123598 0.871914 0.438824 -0.164707 0.069249
0.868278 -0.069724 -0.071999 -0.022641 -0.485321
-0.253323 0.761942 -0.263365 0.522946 0.111525
0.566817 0.005437 0.142629 -0.051509 -0.809749
0.036437 0.939892 0.059264 0.264744 0.204141
-0.279120 0.093745 0.750160 0.039524 0.590764
0.602978 0.539042 -0.170984 0.323257 0.460567
-0.069949 -0.715338 0.569094 -0.310520 -0.251216
0.099782 0.516712 -0.603834 0.594626 0.069702
0.343466 0.621864 -0.333421 -0.610535 0.106746
0.399484 -0.056696 -0.395558 -0.768750 0.299595
-0.181572 0.121563 -0.054876 -0.897138 0.379984
-0.074692 0.315874 0.635991 0.170346 -0.679075
-0.898441 -0.058965 0.251650 0.260161 -0.241488
-0.066165 0.858873 -0.493909 0.113782 0.032701
0.358464 -0.823943 0.143044 0.319272 0.265004
-0.252221 -0.770750 -0.037882 -0.507076 -0.289429
0.507113 0.806225 0.193103 -0.125030 -0.199791
-0.500182 0.630553 0.209316 -0.274786 0.482599
-0.070239 -0.717417 -0.216482 0.208363 0.624580
0.363602 0.089497 -0.759523 -0.377896 -0.374305
-0.210136 0.517817 -0.030209 0.009904 0.828673
-0.075740 0.613053 -0.164545 -0.471891 0.607185
0.052220 0.142499 -0.532733 -0.427600 -0.714368
-0.154800 0.220511 0.812253 0.427230 -0.291774
0.429512 -0.653074 0.564462 -0.081623 -0.252459
0.128252 0.100539 0.339710 0.853138 -0.360830
0.058342 -0.469785 0.871357 0.070232 -0.108185
0.806015 -0.286920 -0.193408 -0.433191 -0.207260
0.175800 0.920034 -0.144848 -0.260507 0.183816
0.483923 0.550243 0.660248 -0.164366 0.010359
0.398605 0.317303 0.349230 -0.598565 0.510093
0.376500 -0.208922 -0.777197 -0.268364 0.372217
0.408392 -0.364572 -0.512287 0.648588 -0.131146
-0.112014 0.273387 -0.873636 -0.346770 -0.170950
-0.479667 -0.328275 -0.126584 0.173145 0.784954
-0.126609 -0.394287 -0.640311 -0.443063 0.471388
0.215048 0.039823 -0.562643 -0.485893 0.632068
-0.276122 0.345458 -0.412448 0.778506 -0.168020
0.238351 -0.498006 0.420530 -0.622731 -0.361305
0.753159 0.351599 0.035791 -0.382159 0.402248
0.958897 0.218897 0.122917 0.106328 -0.078656
0.629850 -0.065738 -0.501691 0.409707 -0.423573
-0.385287 0.010257 0.588585 0.507001 0.497964
-0.069015 0.656376 0.455363 -0.517809 -0.298206
0.231686 -0.223162 0.162865 -0.308081 0.880388
-0.184995 -0.028481 0.350375 -0.026718 -0.917328
0.920338 -0.052028 0.141874 -0.081994 0.351312
-0.143723 0.211912 0.728264 -0.603269 -0.200338
0.490577 -0.329358 0.001210 -0.543719 -0.596009
0.726763 -0.167263 -0.563526 -0.110908 -0.337605
0.560313 -0.383997 0.638271 0.362140 0.007810
0.202747 -0.199932 0.330467 0.296574 -0.849563
0.411793 0.536434 0.456111 -0.449860 -0.363670
0.952240 -0.176401 -0.240748 0.064067 0.007623
0.466061 -0.662996 -0.065593 0.538673 -0.220804
-0.385514 -0.602881 0.693821 0.074890 -0.030313
0.071611 0.200414 -0.541498 0.595999 0.553418
0.489054 -0.200455 0.179104 0.171952 0.811787
-0.896128 -0.174028 -0.231469 0.336055 -0.012713
0.203150 0.411908 0.213059 -0.264220 0.820887
0.721134 0.122858 0.622999 -0.192601 0.199123
0.490108 -0.182684 0.100104 0.664247 0.524572
-0.308199 0.504133 -0.422675 -0.323479 -0.606278
-0.786793 -0.604396 -0.034502 0.086197 -0.083924
0.143684 0.518956 0.601890 -0.571765 0.144411
-0.588875 0.042562 0.606288 0.505519 -0.168171
0.338261 0.370592 0.606959 0.610522 -0.084294
0.278949 0.085534 0.866737 -0.404468 -0.006667
-0.688274 -0.303224 0.335193 -0.452354 0.342572
0.033195 -0.878657 0.182158 -0.439353 0.025501
0.439868 0.665525 0.015089 0.282982 -0.532247
-0.033680 0.090585 0.092736 -0.609497 0.781392
-0.098295 0.386746 -0.518913 -0.716144 0.242142
-0.448821 -0.449050 0.537427 -0.135378 -0.538293
-0.007014 -0.948350 -0.254821 -0.093220 -0.164197
0.012670 0.726141 -0.272038 0.030334 -0.630583
-0.764080 0.006755 0.566688 0.219090 0.216796
-0.765808 0.260031 0.549940 -0.039869 -0.204694
-0.280463 0.362420 -0.540267 -0.140232 0.691693
-0.579063 -0.449510 -0.584462 0.227281 -0.263390
0.536584 0.238025 0.494441 -0.640315 0.030805
0.412694 0.561233 -0.489301 0.210796 -0.480470
-0.124630 0.241155 0.296136 -0.734703 -0.546651
0.596465 -0.462491 -0.100919 -0.618275 0.194640
0.036980 0.791839 -0.040271 0.504886 -0.339253
0.115065 0.328822 0.518013 0.669226 0.403034
-0.221074 -0.245830 -0.631794 0.338876 -0.613754
0.593658 0.467682 -0.578053 0.307130 -0.019238
0.002478 0.029699 -0.604742 -0.745919 -0.277497
-0.421269 -0.796381 -0.240464 0.299260 -0.202315
-0.011250 0.544782 0.825571 -0.145158 0.021162
0.583535 0.181372 -0.486758 -0.072592 0.619991
-0.885310 0.255656 0.120313 -0.227073 -0.291254
0.202571 -0.066402 0.861913 0.458188 -0.041537
-0.262151 -0.397274 0.009260 -0.147183 -0.867007
-0.354851 0.812353 0.235867 0.389802 -0.081148
0.484042 -0.159605 0.810133 -0.009049 -0.289539
0.172133 -0.286882 0.531876 0.762665 -0.153362
-0.418449 0.076631 -0.627416 -0.458945 -0.463409
-0.727731 0.265377 0.091006 0.298997 -0.549820
-0.071358 -0.283642 0.307488 -0.741516 0.519675
-0.424419 0.082213 -0.273776 -0.858090 -0.042889
0.732029 0.440199 0.059812 -0.125220 -0.501101
-0.355282 -0.581776 -0.670673 -0.283354 0.072250
-0.165874 0.353436 0.006039 -0.151970 -0.907986
-0.757111 -0.163405 -0.371730 0.249818 0.446644
-0.686922 0.637547 -0.136111 0.289991 0.138031
-0.025599 0.808671 -0.305793 0.038259 0.500424
0.121237 0.502040 -0.828239 0.182582 -0.118086
0.121303 -0.038872 0.340276 0.534102 0.763362
0.804309 0.207194 -0.171965 0.491067 -0.198593
-0.303839 0.280030 0.372146 -0.168687 0.813829
-0.824006 -0.194648 0.055806 -0.525454 -0.062535
0.290455 -0.413774 -0.733446 -0.158233 -0.425966
0.198026 0.704956 0.538801 0.261905 0.323918
0.449421 -0.162872 0.202647 -0.844448 -0.131668
0.002625 -0.672717 0.240519 0.698844 0.034847
-0.225559 0.533912 -0.069447 -0.774640 -0.243254
-0.824969 -0.361160 0.190959 0.321311 0.221999
-0.235344 0.115782 0.214982 0.793045 0.506035
-0.146540 -0.721768 0.500545 0.233261 -0.390669
-0.366598 0.080037 0.207331 0.313073 0.847467
0.244314 -0.490464 0.746870 -0.368330 0.079208
-0.625206 0.374878 0.382015 0.186308 0.536599
0.794764 -0.103650 -0.301951 -0.411585 0.311499
0.743389 0.030441 0.175904 -0.524554 -0.374632
0.596808 0.342757 -0.475775 -0.431959 0.336731
-0.543726 -0.121122 0.801020 0.027761 -0.217459
0.250719 -0.277654 -0.479117 -0.572890 -0.549812
-0.083129 -0.026564 0.126541 -0.973873 -0.167162
0.610766 -0.409269 0.219469 -0.328239 0.550960
0.670390 -0.505541 -0.485930 -0.130762 0.204403
-0.209873 -0.553281 -0.180385 0.780888 -0.086654
-0.623216 -0.231534 0.396286 0.126914 0.620358
0.442444 -0.669051 -0.093433 -0.091638 0.582656
0.114319 0.557675 -0.088456 0.817376 0.001970
0.738015 0.257794 0.204056 0.564000 0.170711
-0.101864 0.524468 0.642413 -0.173814 0.521203
0.683241 -0.540378 -0.393454 0.177759 -0.234030
-0.432132 0.559360 -0.634114 0.302133 0.083636
0.606531 -0.138317 -0.129875 0.770809 0.044446
-0.423582 -0.001422 -0.714839 -0.554635 0.044289
0.717013 -0.600445 0.260064 0.209997 -0.116735
-0.092867 0.504673 0.331981 -0.592445 0.524861
0.488470 0.276520 -0.613566 0.356667 0.425746
-0.515586 0.376599 0.331015 -0.089658 -0.689011
-0.237436 -0.760934 -0.550149 0.178261 0.173677
0.333453 0.860907 -0.317656 -0.029769 -0.214144
0.134984 0.062980 -0.721109 0.027530 0.676060
-0.084820 0.617533 -0.502692 0.448404 -0.397107
-0.414889 0.546398 0.596954 -0.392246 0.138221
-0.634137 0.649861 -0.376328 -0.155849 -0.098184
-0.632888 0.195774 0.580998 -0.235579 0.409962
-0.016452 -0.814373 -0.405781 -0.234119 0.342137
0.574383 0.471901 0.001639 -0.616966 -0.258351
0.526334 -0.265180 -0.650425 -0.476141 -0.053756
-0.540814 -0.139125 0.177139 0.560806 -0.585050
-0.951348 -0.005108 0.234480 -0.128103 0.153364
-0.695074 -0.534022 -0.448366 -0.000458 0.175102
0.424265 0.625443 -0.141318 -0.256533 0.585697
0.788492 -0.280368 -0.044998 0.437548 -0.325887
-0.584590 -0.307398 -0.430891 -0.527721 0.315604
0.131882 -0.312764 -0.042954 -0.921970 0.181417
0.434446 -0.024319 -0.159019 0.770202 -0.438370
-0.927553 0.276744 -0.208580 0.110137 -0.086151
0.749276 -0.045320 -0.518189 0.400756 0.086061
-0.517392 0.413314 0.465226 -0.463732 -0.360548
0.509431 -0.301237 -0.115480 0.335235 -0.723891
0.366675 -0.290743 0.635657 -0.053280 0.611654
0.326993 0.805949 -0.270027 0.412902 -0.010956
0.219496 0.353752 0.237614 0.119983 -0.869382
-0.380553 0.473856 -0.504348 -0.588818 -0.171949
-0.745804 0.577373 0.307008 -0.021897 0.125236
0.808294 0.422679 0.288073 -0.290574 -0.024182
-0.000355 -0.842018 -0.035266 0.410473 -0.348246
0.092575 -0.633850 -0.216916 -0.356452 -0.644636
0.607327 0.106793 -0.299111 -0.416064 -0.597639
0.876742 -0.195524 0.195829 0.378386 0.107558
0.058090 -0.262017 0.074250 -0.786339 -0.551481
-0.323343 0.540152 -0.693400 0.012275 -0.350332
0.472949 -0.359000 -0.779831 0.197456 -0.017713
0.319050 -0.179087 -0.308177 -0.030673 0.877623
-0.000062 0.966239 0.083709 0.001141 -0.243669
0.411391 0.640618 0.195880 0.577107 0.221235
0.384415 0.417143 -0.355971 0.655429 -0.349164
0.131865 0.504735 -0.680970 -0.165128 -0.486691
-0.256473 -0.363409 -0.277131 -0.549927 -0.650335
-0.048521 -0.119089 0.026425 0.676499 -0.724649
-0.254303 0.242481 0.195851 0.401636 -0.822718
-0.141683 0.093860 -0.845344 -0.328946 0.385105
0.507407 -0.643519 -0.370474 -0.322635 -0.295091
0.009919 -0.268447 -0.486314 -0.066110 -0.828834
0.315411 0.350696 -0.236737 -0.132115 -0.839065
0.585445 0.201749 -0.446429 -0.627029 -0.155204
-0.269458 -0.085399 0.030503 -0.173922 0.942826
-0.486357 -0.708432 -0.366049 -0.206560 -0.291416
0.464736 0.587299 -0.316343 -0.338007 -0.474109
-0.383218 -0.177697 -0.889638 -0.070544 -0.158547
0.078647 0.214216 -0.251348 -0.283081 0.897004
-0.132989 -0.554595 -0.583608 0.550131 -0.177472
-0.465546 0.477996 -0.078639 -0.690648 0.267599
-0.600698 0.655160 0.027592 -0.442925 -0.113949
0.784314 0.025296 -0.138791 0.401579 0.451314
-0.387670 -0.899039 -0.100389 -0.098665 0.147065
0.427470 0.697094 0.195780 -0.502187 0.202013
0.033944 -0.257696 -0.558730 0.389664 0.684415
-0.494658 0.686579 -0.304397 -0.088347 0.428323
-0.046502 -0.180137 0.459836 0.065823 0.865799
0.363329 0.103080 0.647380 0.439345 -0.495219
-0.153645 -0.533797 0.240381 0.643688 -0.468335
0.039559 0.477468 -0.087214 -0.555828 -0.673729
0.316328 -0.678933 0.226874 0.221253 -0.581862
-0.734647 0.042077 0.144455 -0.170655 0.639166
0.246773 -0.388818 0.669303 0.354890 -0.462614
0.165025 -0.306893 0.009121 0.920215 -0.178063
0.259490 0.248817 -0.038315 0.789603 0.495797
-0.913560 -0.068856 -0.302128 -0.193817 0.178385
0.608305 0.265260 0.004538 0.036036 0.747184
0.245302 -0.613980 -0.256776 0.681662 0.179610
-0.696833 0.010407 -0.665987 0.263750 -0.034873
-0.105705 -0.162660 0.805013 0.098966 -0.551841
-0.587123 0.315008 -0.502096 -0.440545 0.331477
-0.918526 -0.221293 -0.087980 -0.076372 -0.306218
0.402807 0.087856 -0.602402 0.026836 -0.682950
0.111308 -0.542423 0.447638 -0.369630 0.596978
-0.252498 0.173905 -0.729223 0.587925 0.169060
-0.426103 0.449317 0.507526 0.557535 0.219371
-0.367782 0.824489 -0.248447 0.183408 -0.299316
-0.539605 -0.370106 -0.385096 -0.068045 -0.647240
-0.024889 0.025220 -0.867464 -0.018314 -0.495899
-0.738957 -0.103124 -0.299469 0.318984 -0.501872
-0.159478 -0.679755 -0.443353 0.084660 -0.555673
-0.342667 -0.238482 0.495057 -0.333051 0.685348
-0.168713 0.132494 0.159562 0.962695 0.041715
0.414387 0.254508 0.205071 -0.434794 -0.729664
-0.397860 0.765553 0.455670 -0.084673 -0.202068
-0.751152 0.264379 -0.319856 -0.106275 -0.502269
-0.060540 -0.207966 -0.556785 0.784198 0.167667
-0.024103 0.333471 0.856945 0.284029 0.270535
0.322538 -0.436271 0.506433 0.445894 0.500343
0.302707 0.147494 -0.113549 -0.788049 -0.502693
0.006894 -0.288362 -0.224459 -0.680069 0.635550
-0.460459 0.480361 0.028162 0.745696 0.019418
0.311193 0.055924 0.494894 -0.673984 -0.448171
0.557712 -0.308629 0.427940 -0.272989 -0.579699
-0.384044 -0.471883 0.129973 0.721698 0.303473
-0.648408 0.257254 -0.691594 -0.156226 -0.103338
0.721441 0.627490 -0.082638 0.261755 -0.102156
-0.176693 -0.798046 0.353072 0.301266 0.341295
-0.621083 0.266151 -0.159206 0.146404 0.704726
0.159135 0.104785 -0.301585 0.934040 -0.017676
-0.012427 -0.227239 0.884465 -0.188511 0.361102
-0.184876 0.699417 0.215140 0.185797 -0.629151
-0.199824 0.824331 0.208083 -0.476353 0.101679
-0.377658 0.918515 -0.007395 -0.061077 0.099595
-0.373762 -0.297684 -0.768773 0.383733 0.182824
0.059051 0.713296 0.565673 -0.022474 -0.408938
0.256787 -0.423485 0.105494 -0.143749 -0.850252
0.583618 0.229742 -0.196087 0.288943 -0.696183
-0.615332 -0.006572 0.634433 -0.465427 -0.046854
-0.075824 0.644697 0.670433 0.345030 -0.100450
0.438846 -0.211824 -0.283888 -0.801988 -0.196901
0.694483 -0.049683 0.478993 0.247917 0.473634
0.899146 0.181464 -0.170536 -0.351070 -0.079214
0.113006 -0.044704 -0.102413 -0.444655 -0.881490
0.793149 -0.113642 0.227762 -0.524937 0.174832
-0.228453 0.104798 -0.231780 -0.771085 -0.537152
0.007765 -0.330594 -0.047392 0.243612 0.910525
0.252561 -0.646235 -0.075684 -0.683039 -0.215229
-0.832309 0.404595 -0.089299 -0.201344 0.308303
0.183987 0.285719 0.780491 -0.279746 -0.443950
0.413062 -0.152904 0.119216 -0.720262 0.522505
0.321806 -0.688005 -0.293300 0.094138 -0.572891
0.405824 -0.469475 -0.222820 0.392733 0.641103
0.226056 0.648823 0.141510 0.220233 0.677790
-0.147536 -0.755453 0.547462 -0.212349 0.250439
0.079318 -0.504254 0.535182 -0.088477 -0.667226
-0.671524 -0.084548 0.107082 -0.027073 -0.727811
-0.374072 0.238919 0.337098 0.739036 -0.378392
0.058538 0.577373 0.013387 -0.788122 0.204695
-0.056716 0.549986 0.371860 0.740175 -0.090339
-0.089609 0.644931 0.185118 0.631369 0.378339
-0.608433 -0.158602 0.024580 0.540880 0.558122
0.433069 -0.398073 -0.353787 -0.422762 0.591690
-0.019844 -0.490112 -0.104647 0.299931 -0.811473
-0.373560 -0.039961 0.170982 -0.491318 -0.766961
0.275895 -0.360323 -0.648480 0.310054 -0.526679
-0.550364 0.366080 0.026501 0.567844 0.489834
0.166695 -0.035876 -0.368709 0.472109 -0.782364
0.810995 -0.555186 -0.017902 -0.123001 0.136410
-0.106331 -0.554778 -0.793399 0.069295 -0.215945
-0.072661 -0.145234 -0.124254 0.664851 0.718444
-0.077249 -0.336724 -0.884685 -0.007494 0.312933
0.093552 -0.152742 0.606096 -0.774518 -0.026229
0.009017 -0.904400 0.082580 -0.092886 0.408085
-0.301954 0.143096 0.896377 -0.247559 0.153530
-0.613780 -0.064714 -0.376120 -0.199681 0.661625
0.149877 -0.514629 -0.685912 0.414137 0.265914
-0.659237 -0.403267 0.023247 0.608877 -0.177514
-0.433186 -0.621820 -0.269932 -0.249512 0.539047
0.494921 0.818539 0.095250 0.061050 0.268791
-0.427493 -0.762599 0.237269 0.418472 -0.065395
0.008843 0.514844 -0.726158 0.206114 0.406288
-0.472437 0.500376 0.507386 0.337909 -0.393452
0.137916 0.520146 -0.584719 -0.328546 0.510479
-0.643316 0.421409 -0.414135 0.378440 -0.306326
-0.775670 0.404688 0.261308 0.404445 -0.052027
-0.107879 -0.543722 0.278172 -0.783966 -0.027321
-0.516951 -0.687987 -0.048596 0.287484 0.417645
-0.401489 0.555160 -0.016437 0.569919 -0.453351
-0.380232 0.732275 0.074822 0.255293 0.498423
-0.697774 0.023580 -0.090770 -0.615762 0.353771
-0.417317 -0.106576 0.380081 -0.810220 0.116498
0.318447 0.288396 -0.863992 -0.078478 0.250558
-0.365700 -0.444584 -0.565972 0.129815 0.575702
-0.094853 0.262652 -0.528345 0.124095 -0.792130
-0.281210 0.376384 0.358670 -0.805317 0.045575
0.220094 -0.775026 -0.493966 0.279379 -0.169825
0.179584 -0.615951 0.283062 0.097918 0.706147
-0.329568 0.364070 0.794340 -0.095393 -0.344619
0.330244 0.098027 -0.692599 0.633156 -0.027429
0.266522 -0.738104 0.449184 0.402234 -0.143584
0.493724 -0.273525 -0.328028 -0.137111 -0.744996
0.696127 -0.397478 0.550847 -0.118323 0.199964
0.021129 -0.957165 0.273408 0.061747 -0.069485
-0.502238 -0.367669 -0.443570 -0.616975 -0.187525
0.386366 -0.830862 -0.197758 -0.326569 0.120982
0.427817 0.697620 -0.493210 0.022979 0.294135
0.071262 0.436035 -0.165322 0.425797 -0.772115
0.143869 0.110712 0.316369 -0.893133 0.263190
0.907288 -0.199849 0.311234 -0.112090 -0.165707
-0.443803 0.140376 0.331926 -0.624110 0.532584
0.156375 -0.489101 -0.272395 0.639242 -0.503486
0.438197 0.582284 0.459146 -0.161621 0.481657
-0.486429 -0.141237 -0.520220 0.657354 -0.201734
0.259363 -0.811173 0.160293 -0.266567 -0.421874
-0.124003 0.115271 0.694669 -0.603420 0.353067
-0.597852 -0.666198 0.341729 -0.029817 0.284756
-0.459335 0.316155 -0.092631 -0.401482 0.720618
-0.514663 -0.409010 0.551265 0.471513 0.204000
0.003855 -0.088262 -0.511056 0.769218 -0.373258
-0.339330 0.502283 -0.417753 0.393106 0.550924
-0.071516 -0.897926 -0.136788 0.382248 0.154238
-0.210377 -0.341062 -0.699645 -0.322265 -0.496046
0.474178 0.302854 0.266536 0.464088 0.630092
0.211688 0.445932 -0.370808 0.130173 0.775816
0.663378 0.549600 0.431754 0.254053 -0.083156
0.599164 0.069728 0.397545 -0.229935 0.652096
0.138125 0.156802 0.097428 0.125564 0.964923
-0.002572 0.812916 0.208117 -0.174324 0.515228
0.462057 0.494550 0.494573 0.120122 -0.531877
-0.560753 -0.135830 -0.743559 -0.138747 0.308180
-0.681328 -0.093492 -0.199666 -0.482171 -0.504675
-0.546527 0.006644 0.542283 0.196701 -0.607044
-0.275164 -0.403684 0.343406 0.265209 -0.757008
-0.812705 -0.374098 0.421448 -0.109747 -0.099497
0.261429 0.322051 -0.174592 -0.711649 0.539456
0.264480 0.817413 0.343944 0.341655 -0.163896
0.159087 0.656297 -0.282232 0.505968 0.456408
-0.000719 -0.697390 -0.509828 -0.436792 -0.250870
-0.346138 0.164632 -0.350692 0.576037 -0.631096
0.321180 0.031400 0.603996 -0.033878 -0.727942
0.800783 0.304472 -0.394021 0.018812 -0.332321
0.100877 -0.579251 0.089809 0.596111 0.539333
0.242472 0.170718 -0.756779 -0.569761 0.121331
0.354319 -0.381401 0.233767 0.640324 -0.514130
-0.539265 0.382127 -0.031702 -0.467760 -0.585976
-0.714370 0.301498 -0.523839 0.085074 0.342243
0.327612 0.343700 0.843979 0.156401 -0.194370
0.438374 -0.786433 0.314160 -0.206811 0.218827
-0.303868 0.013284 0.662798 -0.319722 -0.604950
-0.270894 -0.208537 0.506777 -0.690455 -0.386755
0.749941 -0.245812 -0.210819 0.002205 0.576816
-0.652869 0.007489 0.264833 0.692117 0.156666
-0.362416 0.041421 -0.301590 -0.235450 -0.848850
0.232636 -0.531671 -0.487597 -0.627549 0.177870
-0.774040 0.226581 -0.291370 -0.502754 -0.108928
-0.100354 -0.152053 -0.504162 -0.813546 0.225329
-0.563051 0.144729 0.149526 -0.754209 -0.266156
-0.592655 -0.548455 0.021168 0.203828 -0.553142
0.114778 -0.019195 -0.098474 0.095684 -0.983670
-0.143711 0.832883 -0.341377 -0.312261 -0.267597
0.134418 0.210747 -0.244116 -0.936553 -0.028164
0.202748 0.384543 0.247385 -0.843987 -0.193668
-0.441156 -0.110029 -0.195894 0.852004 0.170264
0.260863 0.232955 0.562224 0.117074 0.740190
-0.063592 0.370759 -0.037415 0.512554 0.770962
0.251167 0.243594 0.821304 -0.190488 0.408354
-0.451636 -0.827030 0.254596 -0.101550 -0.192134
-0.449101 -0.352722 0.050805 -0.758870 -0.308919
0.066567 -0.227414 -0.066082 0.918126 0.310696
-0.010046 -0.299731 -0.807000 -0.506118 -0.051543
-0.107076 -0.052007 0.528392 0.571149 -0.616783
0.484049 0.331383 0.700499 0.270334 0.303486
0.381029 0.069867 -0.240158 0.426340 0.781342
0.146678 -0.665326 -0.000261 -0.572189 0.456538
0.399203 -0.130342 0.881644 0.060135 0.206727
-0.677808 -0.599949 -0.082825 -0.413162 0.055460
0.540527 -0.239133 -0.618247 0.215524 0.471134
-0.674295 0.648623 0.067687 0.039924 -0.344151
-0.758324 -0.231846 -0.532622 -0.214592 -0.203610
-0.287091 0.751888 0.088216 -0.302002 -0.503246
0.695338 0.648794 -0.200566 -0.232135 0.038188
0.386248 -0.154442 -0.433749 0.693250 0.397778
-0.010387 -0.530104 -0.122671 -0.266366 0.795540
-0.252433 -0.337507 0.714482 0.483226 -0.279955
0.125096 0.487007 -0.464858 -0.652800 -0.323938
-0.168819 -0.194559 -0.478974 -0.190968 0.817168
-0.301410 0.757448 0.494586 0.112345 0.279623
0.680021 -0.504251 0.212325 0.217161 0.437107
0.637373 -0.578709 0.221685 -0.429759 -0.158160
-0.299111 0.544605 -0.731370 -0.186238 0.210599
-0.802639 -0.391241 -0.021956 -0.113907 0.435022
0.695568 -0.533570 0.018341 -0.071339 -0.475461
0.157785 0.216851 -0.694288 0.457394 -0.486659
-0.340272 0.085651 -0.745695 0.196755 0.531137
-0.337494 -0.272138 0.359747 0.816178 -0.128352
0.137876 -0.240729 0.778750 -0.371203 -0.422844
0.450322 0.115968 -0.843523 0.158079 -0.217356
0.243259 -0.649258 -0.702253 -0.147464 0.066219
0.531991 0.046027 -0.109957 -0.409740 0.731362
0.447474 -0.881617 -0.038572 0.061403 -0.131388
-0.414938 -0.042043 -0.435342 0.573742 0.554398
0.705022 -0.490438 -0.238244 0.402625 0.208683
0.726609 0.032069 -0.666317 -0.100889 0.129829
