-0.441681 0.262614 -0.219549 0.182700 -0.153132 0.258360 0.055701 -0.749053
-0.024902 0.352851 0.218784 0.308157 -0.287883 -0.245890 -0.051619 -0.765543
0.457740 -0.305765 -0.035993 -0.053006 -0.009944 -0.037363 -0.375783 0.741741
0.301326 0.053007 0.119010 0.077518 0.463339 0.394153 0.330629 -0.637867
-0.322439 -0.002176 -0.001185 -0.089174 0.191421 0.665244 -0.314742 -0.556622
0.547753 -0.386032 0.454396 0.255273 -0.508268 0.087867 0.113844 -0.017391
-0.330638 0.437937 -0.150876 0.342871 0.032172 -0.421912 0.495160 -0.366548
0.217835 -0.554337 -0.189671 0.432123 -0.286215 0.549858 -0.194906 -0.017652
0.553845 0.113152 -0.151275 -0.136621 -0.401345 -0.324626 -0.162197 -0.588339
0.061715 0.188669 0.461084 0.451045 -0.217956 -0.542099 -0.061804 0.446506
0.439473 -0.060030 -0.521365 0.015041 -0.486735 -0.151132 -0.440481 0.278311
-0.021343 0.589838 0.345376 -0.099502 -0.415256 0.027725 0.585841 0.077738
0.310119 0.179629 -0.443153 -0.376291 0.214196 0.301189 0.263062 0.572538
0.537616 0.200531 -0.143706 0.092236 0.406670 -0.240549 -0.487588 -0.425003
-0.388135 0.484780 -0.047471 0.119029 -0.102272 0.099082 -0.624574 -0.433088
0.494031 0.222846 0.117524 -0.227517 -0.251365 -0.743387 -0.021386 0.156348
0.358840 0.054347 -0.811923 0.012579 0.349454 -0.094718 0.007044 -0.278886
-0.299636 0.351489 0.431061 0.200670 -0.129606 0.613504 -0.372403 -0.169514
0.441324 0.266971 0.142499 0.155820 -0.600427 0.422656 0.387608 0.000063
0.056700 0.621582 0.032850 0.412148 -0.285340 0.050906 -0.587034 0.104263
-0.625119 0.147897 0.538580 -0.285668 -0.263639 0.218505 -0.313746 0.000216
0.071398 -0.316863 0.331330 0.570026 0.210249 -0.033776 0.454088 0.456356
-0.283960 -0.727935 0.327784 0.372327 -0.189283 -0.194447 0.213974 -0.154904
-0.179308 0.236785 -0.049308 0.250295 -0.739814 -0.246766 -0.406210 -0.271082
-0.252483 -0.168045 -0.400808 -0.718588 -0.151192 -0.074742 -0.230411 0.386618
-0.326917 -0.516619 -0.397846 0.020739 0.146969 -0.118810 0.657076 0.008006
0.757714 0.264348 0.345589 -0.048001 -0.069041 -0.128796 0.443671 0.126765
-0.037903 -0.733930 -0.560908 0.078982 -0.129421 0.223884 0.155206 -0.219341
-0.626347 0.319769 0.041536 0.428782 0.189224 -0.455642 0.134292 0.241773
0.346975 -0.232999 0.265767 -0.531324 -0.139669 -0.345113 0.519846 0.252085
0.339506 0.124850 -0.196960 -0.728186 -0.057312 -0.041117 0.157456 -0.519947
-0.224115 0.579393 -0.561181 -0.010373 0.420870 -0.246297 0.213453 -0.125315
-0.033893 -0.524780 -0.520571 0.107016 0.133966 -0.217135 -0.389352 -0.473636
0.150923 -0.365890 0.160016 -0.035836 0.256412 -0.187365 -0.828973 -0.168612
0.599599 0.168187 0.130617 0.631721 0.054006 0.020882 0.429108 0.092652
0.291348 0.527745 -0.447624 -0.065854 -0.170601 0.494839 0.388141 -0.085379
-0.185494 -0.509431 -0.220360 -0.089884 -0.237142 -0.146966 -0.332559 0.678980
0.373791 0.329033 -0.764113 0.289105 -0.221757 -0.167591 -0.023103 -0.082320
0.029001 -0.782286 0.198272 -0.111079 -0.493320 0.209411 0.045201 -0.215131
0.226566 -0.374730 -0.440334 -0.079266 0.230060 -0.177080 0.231247 -0.685803
0.277730 0.383005 0.192307 -0.377208 -0.207774 -0.334960 0.538437 -0.389405
-0.206012 -0.504107 -0.274477 0.304029 -0.058942 -0.611883 0.245819 -0.312044
-0.603313 0.521281 0.276479 0.040563 -0.171439 0.387827 0.210841 0.248894
-0.339083 -0.265739 0.152469 -0.659662 0.233819 0.515376 -0.182949 -0.047569
-0.434446 -0.219478 -0.141294 0.208696 0.644069 0.101825 -0.335888 -0.401948
-0.004084 -0.187459 0.459565 0.704034 -0.015546 -0.155638 0.059914 -0.479513
0.297139 -0.437973 -0.031415 0.646301 0.218562 -0.449079 -0.187262 -0.129223
0.380683 -0.308182 0.298474 -0.125158 0.376723 -0.172751 0.586291 -0.373990
-0.367697 -0.563403 -0.237897 -0.382039 -0.122527 -0.029105 -0.571176 -0.052280
0.084158 -0.189645 0.086701 0.026736 0.073537 -0.875606 0.419614 0.023936
-0.491291 -0.139440 -0.137640 0.472288 -0.038167 -0.266243 -0.238399 -0.606655
-0.050599 -0.336237 -0.343783 -0.308723 0.395868 -0.301234 -0.546958 0.352533
-0.075264 -0.265360 0.552165 -0.158427 0.581425 -0.270941 -0.390063 0.174150
-0.325982 0.636809 0.274668 0.503249 0.227842 0.215926 -0.194810 0.151754
0.164328 -0.486679 -0.407075 -0.216318 -0.360904 -0.470148 0.040005 -0.413229
-0.459585 -0.420404 0.460391 0.108918 0.024927 0.256135 0.494613 0.278137
-0.313506 -0.077927 -0.035436 -0.573350 -0.549281 0.374453 0.246413 0.251042
-0.305475 -0.139226 -0.272088 -0.778132 0.078098 0.305566 0.251809 -0.211913
-0.732806 0.177479 -0.082659 -0.054746 0.410200 -0.232088 0.407150 -0.183792
-0.061822 -0.164389 -0.060445 -0.776366 -0.379978 0.274511 -0.349002 -0.145683
0.267623 -0.572470 0.131414 -0.151373 0.711997 0.125328 0.181266 -0.070532
0.164719 0.208294 -0.453593 -0.035775 -0.615720 -0.583539 -0.023974 -0.047617
0.339168 0.122501 -0.100541 0.244913 -0.363944 0.740404 -0.202074 -0.279995
-0.114650 0.394795 -0.260538 -0.763002 -0.410516 -0.092325 -0.020128 0.059117
0.071867 0.138513 0.558303 -0.320435 0.133879 -0.067592 0.511494 0.526463
-0.536841 -0.024916 0.203260 0.332297 0.016829 -0.212033 -0.267170 0.665466
0.198283 0.102813 -0.232841 -0.315188 0.235425 -0.447531 -0.203427 -0.706738
-0.470572 -0.061040 -0.187032 0.094774 -0.195096 -0.564940 -0.610052 -0.038817
-0.683723 -0.027564 -0.147447 0.625122 0.179298 0.140790 -0.238732 0.101448
0.418915 -0.036009 -0.346475 -0.163644 -0.252122 -0.544297 0.542552 0.149047
-0.372943 -0.114287 0.132476 -0.255879 0.066421 0.728332 0.287930 0.383476
-0.578055 0.056833 -0.067138 0.407006 0.052145 0.612281 0.323461 0.101159
-0.215369 0.363605 0.131538 -0.663140 -0.075233 -0.486238 -0.261922 -0.231664
0.063134 -0.526839 0.336241 0.439453 -0.430862 -0.094641 -0.385931 -0.262204
0.201385 -0.496413 -0.099738 -0.194749 0.163883 0.304147 -0.564999 -0.476000
0.109168 0.200184 -0.539048 -0.410001 0.354114 0.257556 0.474304 -0.269574
0.022505 -0.349398 0.291625 -0.079676 -0.742036 0.090905 0.432387 0.200475
0.079092 0.427428 -0.193942 0.614359 -0.511383 -0.329423 0.122085 -0.105222
0.256363 0.561607 0.464989 0.277115 0.166259 -0.312597 -0.425376 0.139899
0.827235 0.025878 -0.293384 -0.357714 0.073861 -0.228794 -0.200075 -0.056230
-0.262269 -0.217871 -0.207132 0.285653 -0.049776 0.248840 -0.756528 -0.350025
-0.345278 -0.269127 0.397012 -0.729980 -0.031752 -0.186997 -0.280098 -0.058674
-0.101089 -0.108475 0.527379 -0.141887 0.206336 0.656860 -0.369642 0.262857
-0.625719 -0.168566 -0.087768 -0.599720 0.414132 -0.122575 0.010591 0.161445
-0.222982 0.110182 0.204172 -0.360066 0.081241 0.111998 0.651058 -0.569031
-0.219344 -0.641352 0.155353 -0.045832 0.176568 0.684960 0.087191 -0.079880
-0.134478 0.494442 0.549665 -0.456717 0.056557 0.454254 0.008884 0.130785
0.368451 -0.359108 0.331638 0.075907 0.587854 -0.129713 -0.207667 -0.462638
-0.042157 0.284637 0.056551 -0.419201 0.332749 0.660755 0.255087 -0.354824
0.519331 -0.598679 -0.160132 0.262225 -0.071415 -0.053006 0.168205 0.491214
-0.100386 0.757603 -0.529766 0.095086 -0.182767 0.140247 -0.125176 -0.239866
0.651941 -0.094766 -0.396450 0.341735 -0.497720 0.188434 0.075340 0.055994
0.461251 0.407536 0.269440 -0.496033 0.178968 -0.416685 -0.051566 -0.306934
0.013600 0.076278 -0.109057 -0.906153 0.279858 -0.041827 -0.284268 -0.010833
-0.354140 -0.585569 0.075481 -0.347412 0.518774 -0.117549 -0.296975 -0.184860
0.337304 -0.101762 -0.088736 0.116734 0.177016 -0.171791 0.877387 0.154021
0.364781 0.211105 0.051308 -0.422854 0.489211 -0.250072 -0.576660 0.080919
0.185479 0.118772 -0.245121 0.113032 0.799735 -0.039871 0.027459 -0.486539
0.179841 0.256717 -0.523865 0.256383 -0.422120 -0.002840 0.439482 0.436187
0.568866 -0.635254 0.155081 -0.020806 -0.168409 0.212422 -0.413422 0.062992
-0.159798 -0.745952 0.247548 -0.187054 0.213919 -0.461824 0.248841 -0.028342
-0.166199 -0.035041 -0.277422 -0.364856 0.293697 -0.459949 0.605221 0.311419
-0.508537 0.421456 -0.310602 0.269511 -0.201851 0.528583 -0.265912 0.061717
-0.127696 0.388854 0.153456 -0.061858 -0.220091 0.522691 -0.498403 0.484843
-0.380064 0.459013 -0.109728 -0.187693 -0.077623 -0.700924 0.271217 0.163466
-0.297544 -0.060180 -0.429929 -0.314461 -0.037138 0.212834 0.519457 0.554631
-0.642560 -0.167471 -0.379405 0.474142 -0.013725 -0.036658 0.373444 -0.222124
-0.058874 0.087039 -0.087316 -0.403174 0.208377 0.005951 -0.294515 0.829819
0.196572 -0.148457 0.520776 -0.387636 0.255698 0.565899 0.360239 -0.049686
-0.130055 -0.325642 -0.789985 0.135599 -0.274826 -0.324531 0.231746 -0.006164
-0.198242 0.416998 0.081543 0.063101 0.332809 0.786373 -0.028767 0.214979
-0.694687 -0.033886 -0.514166 -0.292718 -0.149145 -0.310357 0.214479 -0.040647
0.403256 -0.138658 0.781716 -0.008426 -0.100471 0.124372 -0.388607 0.174519
-0.727996 0.493497 0.075172 -0.144861 0.158476 -0.309960 -0.256889 0.112615
0.860743 -0.274113 0.238578 0.206149 0.219925 -0.170927 0.065765 -0.051729
0.503003 0.123607 -0.466593 0.369149 0.163981 0.537168 0.249003 -0.017360
-0.125096 0.039286 -0.528406 0.472363 0.635824 0.213078 -0.074071 0.159107
-0.261957 -0.295302 -0.232114 -0.259935 0.656479 -0.256516 0.377753 -0.288584
-0.078776 -0.666111 0.367488 -0.122231 -0.225274 -0.300046 -0.489722 0.139684
0.311562 0.438699 0.048108 0.033596 0.092636 0.262886 0.733027 0.303346
0.066372 -0.765622 -0.233318 -0.449896 0.125093 0.284269 -0.145737 0.186776
-0.223033 -0.536645 0.291179 0.368829 0.272793 -0.282455 -0.423942 -0.327918
0.073513 -0.095904 -0.024053 0.231037 0.748678 0.604904 0.007935 -0.070415
0.285258 0.070301 0.676185 -0.069358 0.054647 -0.504258 0.433981 -0.077886
-0.008580 0.444668 0.191256 -0.192512 0.035763 0.369121 0.193394 0.744072
0.150652 -0.249703 0.110735 -0.106305 0.189730 0.371759 0.564819 0.631011
0.238271 0.238413 0.458958 -0.142664 -0.182499 -0.045534 -0.203789 0.760585
0.064101 0.111018 -0.159915 0.627533 -0.320937 0.209391 -0.365011 -0.533036
-0.873624 -0.048226 -0.044493 0.145597 -0.417024 0.134461 0.060873 -0.124910
0.485588 -0.221055 -0.574037 0.173971 -0.167147 0.098352 -0.331764 -0.455943
0.222847 0.477757 0.487166 -0.334283 0.274071 0.112623 0.505173 -0.173271
0.507866 0.056022 0.071656 0.248825 -0.637907 0.031980 -0.468910 -0.209926
0.212973 -0.595557 -0.071852 0.195665 0.365200 0.499906 -0.039096 0.414381
-0.271622 0.268164 0.800847 0.348404 -0.068211 -0.142450 -0.130417 -0.222772
0.024185 0.031722 0.380048 -0.851867 0.013513 0.004252 0.302416 -0.191452
0.256652 -0.411753 0.223550 0.174205 -0.074517 -0.453758 0.068347 -0.684219
-0.040267 -0.641323 -0.216200 -0.014931 -0.274502 0.450192 0.250132 0.446698
-0.225914 -0.289209 0.592936 -0.312733 -0.134155 -0.527527 0.222785 0.264669
-0.401144 0.411348 -0.313172 0.701552 -0.115446 -0.032317 -0.077963 -0.243283
-0.625859 -0.389525 -0.453492 0.004251 0.220890 -0.389242 -0.204797 -0.093075
0.792062 0.040557 -0.379879 0.126543 0.141665 -0.128666 0.313089 0.275735
-0.585564 0.521449 0.057046 -0.242527 0.288109 0.407392 -0.204309 -0.180061
0.228345 -0.688990 -0.205858 -0.208749 -0.305444 -0.194032 0.491022 0.123142
0.226223 -0.269888 -0.408813 0.375134 -0.356202 -0.546393 -0.044362 0.375167
0.798755 -0.149812 0.116981 -0.204549 -0.402265 -0.121546 -0.085022 0.316578
-0.646620 -0.167118 0.353139 0.495848 -0.206300 -0.339549 -0.146582 -0.063686
0.316565 0.175994 0.432700 -0.207918 0.113118 0.659796 -0.248901 -0.358167
0.460267 0.081760 0.070918 -0.686823 -0.003078 -0.224066 -0.124619 0.488859
0.407344 0.164306 0.063722 -0.178908 0.034054 0.802510 0.205230 0.289332
-0.448133 0.444681 -0.135877 0.361597 0.586933 0.138591 0.245154 0.168611
0.204371 0.295252 0.558014 0.391506 -0.214743 0.171773 0.384855 0.427411
0.325631 0.533874 0.078978 -0.255117 -0.418194 0.316244 -0.486494 -0.161434
-0.198724 0.102728 0.254490 0.687775 0.150580 0.058458 -0.542617 -0.302722
0.746485 0.156967 0.355770 -0.115489 0.072701 0.053605 -0.457836 -0.245883
-0.640884 -0.384233 -0.305119 -0.074141 0.019504 0.205261 -0.157892 -0.524984
0.177337 0.226466 -0.117976 0.281876 -0.109009 0.404937 0.677913 -0.434146
0.456054 0.744430 -0.021340 0.166748 -0.245028 -0.205512 -0.155639 -0.288254
-0.084962 0.484474 -0.408551 0.132192 0.237682 -0.152891 0.257440 0.653875
0.092359 0.229873 0.503816 0.552318 -0.577289 -0.176306 -0.108161 -0.060860
0.092515 -0.289815 0.490174 0.436351 0.446924 0.202969 0.426519 -0.232230
0.558297 0.271877 -0.334360 0.223555 0.627815 0.091234 -0.164521 0.151951
0.333359 0.672809 0.079779 -0.113295 0.296205 0.233358 -0.524198 0.006189
0.437050 -0.289850 -0.403370 -0.443188 0.349565 -0.259343 0.411188 -0.085733
0.151834 0.293806 -0.428760 0.201812 -0.266404 -0.203459 -0.684238 -0.292441
0.020590 0.166029 0.214878 0.095864 0.589871 0.160688 -0.655073 -0.337297
-0.008493 -0.307480 -0.018878 -0.470390 -0.012072 -0.496190 0.535914 -0.387602
0.504172 -0.080567 0.559182 -0.083278 0.111289 -0.451446 0.010607 0.451012
0.076322 -0.502151 0.335653 0.242160 -0.006274 0.244171 -0.589811 0.403966
0.485772 0.432008 0.123520 -0.662226 0.121813 0.307021 -0.054269 -0.107529
-0.193925 0.010143 -0.128993 0.735531 -0.096190 -0.440421 -0.400690 0.202182
-0.086597 0.147181 0.047130 -0.367164 0.025064 0.469574 -0.773775 -0.118166
0.651922 -0.186528 -0.007308 -0.268428 0.197813 0.116501 -0.059504 -0.641771
-0.110659 0.334065 -0.018792 -0.054522 0.246912 -0.359090 -0.814911 0.137316
0.050050 0.119890 0.226778 0.053794 -0.548813 -0.631702 0.454363 0.148763
-0.266507 0.733128 -0.021799 0.065102 0.174169 0.327050 0.418306 -0.272981
-0.525855 -0.091177 -0.270377 -0.167173 0.118024 -0.414537 0.041200 0.653187
-0.052659 0.335131 0.678755 -0.159971 0.160076 0.152220 -0.588773 -0.056391
0.291678 -0.183447 0.057326 0.852637 -0.336144 -0.100727 0.076400 0.148416
-0.231206 -0.283186 0.643024 -0.130960 -0.554867 -0.256646 -0.154806 -0.194988
-0.276057 -0.650063 0.391673 0.222932 0.498964 0.122797 -0.039393 0.180338
0.056434 0.290965 -0.051999 -0.268531 -0.314638 -0.148407 0.572108 0.623721
0.432089 0.136411 0.415880 -0.462645 -0.318753 0.309380 0.369164 0.272238
-0.052031 -0.002098 0.708914 0.420839 0.449320 0.266000 -0.206930 -0.046616
0.276459 -0.130370 0.423120 0.656881 -0.189141 0.431276 -0.261383 -0.077290
-0.480053 -0.480669 0.081012 -0.171694 0.235364 0.246724 -0.349033 0.514181
-0.051105 -0.252208 0.409918 0.301911 -0.148273 -0.773374 -0.210157 -0.101741
0.273269 -0.227904 0.542612 0.041210 -0.133993 0.171189 0.721062 0.100381
0.221382 -0.429736 -0.657228 0.531638 0.091807 0.120089 0.149774 0.080338
-0.230155 -0.175446 0.073476 0.460888 0.059855 0.669381 -0.473842 0.149318
-0.084129 -0.005210 -0.567211 -0.181202 0.209012 -0.688457 0.268359 -0.220596
0.070465 -0.456064 -0.549777 -0.324378 -0.588173 0.127224 0.010729 0.131640
0.435756 0.091734 0.329487 -0.405645 -0.196955 0.490021 -0.393447 0.308044
0.472394 -0.077811 0.035616 0.462994 0.214984 -0.575939 0.131854 0.399826
0.168101 -0.398976 -0.090650 0.545975 0.432309 0.256146 -0.493162 -0.102755
0.251306 0.510851 -0.367746 0.120335 -0.615139 0.292499 -0.182214 0.170338
0.278645 -0.079846 -0.388151 -0.693430 -0.190140 -0.496253 -0.018740 -0.041412
-0.014674 0.566790 -0.282440 -0.545534 0.171821 -0.273575 0.039478 0.441856
-0.083864 0.048741 -0.511777 0.149532 0.065351 -0.409575 -0.405824 0.607953
0.402659 -0.289881 0.007056 0.424872 -0.217484 0.516839 0.457229 0.223165
0.100443 -0.766734 0.110947 0.094980 0.127989 0.219708 0.560972 0.037132
0.136496 0.232849 -0.117592 0.575019 0.330690 -0.004091 -0.611586 0.315075
0.664947 -0.432035 -0.227858 -0.291336 -0.406936 0.070266 -0.000394 -0.252728
-0.127451 0.267122 -0.616954 0.174755 0.225691 0.121913 -0.344684 -0.562701
0.293774 -0.340793 -0.225057 0.085568 -0.523964 0.455812 0.285179 -0.419488
0.093515 -0.747500 0.423722 -0.021660 -0.150948 0.029288 0.105998 0.466498
-0.468700 -0.341274 0.389213 0.015945 -0.290137 0.132054 0.210166 -0.605252
-0.057659 -0.533720 0.239819 -0.574930 -0.138358 0.341031 0.398536 0.171742
-0.032196 -0.623442 -0.277007 0.207141 -0.181340 -0.521578 -0.427390 0.055442
-0.057733 0.045499 0.435361 0.321017 -0.264023 -0.290948 -0.740008 -0.006410
0.194756 0.063357 -0.133573 0.178608 -0.332087 -0.583905 0.455180 -0.499908
0.217149 -0.361976 -0.308296 -0.426180 -0.049754 -0.187208 0.236967 0.671920
0.334552 -0.604483 0.616849 0.088700 0.033178 -0.347758 -0.054115 -0.096795
-0.085536 -0.131425 0.134442 0.061639 0.220433 0.499136 0.808055 -0.053541
-0.457575 -0.150385 0.412259 0.062764 0.430375 -0.368656 0.337431 0.398926
0.124710 -0.233896 -0.131464 -0.109124 0.135916 0.850597 -0.397400 0.025767
0.668863 -0.563719 0.145670 -0.296174 0.035015 0.123876 0.305396 0.126827
0.287362 -0.455975 0.228835 -0.092845 0.419133 -0.321169 0.444371 0.415032
0.196545 0.699794 0.538474 0.301000 -0.032859 -0.046854 0.249550 -0.159946
0.000415 0.068681 0.311508 0.299435 -0.189651 0.511358 0.096004 -0.708467
-0.254734 -0.598471 -0.012277 -0.362900 0.416843 0.068805 0.283544 0.431527
0.474722 0.220959 -0.312156 -0.091136 -0.257012 -0.353771 -0.036683 0.653857
-0.029296 0.050197 0.007778 0.333319 -0.403167 -0.087747 -0.552908 0.639940
0.035425 -0.021192 -0.048182 0.861226 0.161854 0.381945 -0.009383 0.286537
-0.331213 0.149448 -0.197595 -0.330775 0.806927 0.241013 0.023723 -0.098652
0.569437 -0.105767 0.632214 -0.397389 -0.023927 0.066919 0.125403 -0.293573
0.224407 0.050006 -0.299370 -0.538979 -0.123248 -0.162106 -0.660175 -0.299554
0.417089 0.354815 -0.265628 0.637022 -0.118351 -0.218011 -0.095548 0.391320
0.376048 0.021618 -0.663609 0.281358 0.137012 0.101344 -0.143722 0.537486
-0.318258 0.545272 0.314323 -0.192241 0.193076 -0.344878 0.232293 -0.505441
-0.048382 0.544266 0.210844 -0.568018 -0.040149 -0.014004 -0.519332 0.250658
-0.620522 -0.043543 0.545178 0.313891 -0.052790 0.311946 -0.141341 0.311845
0.014333 0.292309 0.185369 0.422195 0.063181 -0.390617 0.611404 0.413960
-0.393482 0.190975 -0.421273 -0.448356 0.245301 -0.504026 -0.309140 0.142955
0.033378 -0.186699 -0.486971 0.216643 -0.265875 0.286264 0.726139 -0.006980
-0.090243 -0.507787 0.189291 0.360959 -0.066813 -0.559179 0.086702 0.493182
-0.137603 -0.389654 0.173063 -0.035268 -0.154594 -0.247028 0.689036 0.488220
0.354741 -0.256161 -0.125107 0.579982 0.606168 -0.019968 0.212829 0.208320
0.062405 0.153682 0.071730 -0.079140 0.413778 -0.614801 0.342747 -0.542611
-0.482509 -0.025838 0.070081 0.650601 -0.312591 0.008137 0.337355 0.356016
-0.527769 0.145717 -0.391000 -0.142443 -0.001163 0.252240 0.647330 -0.210723
-0.010209 0.022626 -0.393165 -0.008624 0.140047 -0.206579 0.773335 -0.429425
0.192119 -0.617313 -0.090770 0.134164 -0.644553 0.001822 -0.200973 0.316138
-0.151588 0.221867 -0.697379 -0.255836 -0.248187 -0.378047 0.135339 0.391381
-0.021683 -0.019243 -0.046003 0.247288 -0.154974 -0.097733 0.174446 0.933757
-0.322507 -0.153383 -0.305095 -0.454965 -0.520181 -0.401177 -0.249253 -0.280605
0.469655 -0.131376 0.139298 0.207546 -0.370939 -0.267279 0.457354 0.530562
0.537353 0.307578 -0.102219 0.226183 -0.221350 0.359993 0.176756 0.587549
0.168874 -0.018004 -0.303329 0.466031 0.161526 0.213504 0.518298 0.567160
-0.153942 -0.474975 -0.259527 -0.332358 -0.292308 0.636478 -0.097607 -0.269853
-0.236812 0.357201 -0.697313 0.154365 -0.355663 -0.070198 0.349271 -0.229885
-0.620644 -0.012367 0.287133 -0.466675 0.324951 -0.013151 0.022731 -0.456226
-0.354123 -0.362330 -0.150728 0.290461 0.335413 -0.130206 -0.674555 0.227501
0.216633 0.159190 0.000308 -0.046865 -0.157275 0.242293 -0.541280 -0.741027
0.265390 -0.560548 0.196385 -0.023079 -0.500014 -0.556573 0.126264 -0.023265
-0.161225 0.662519 0.151666 0.343275 -0.532038 0.219831 -0.007898 -0.250576
-0.007350 -0.359530 0.330853 0.268616 0.387705 0.456218 -0.223806 -0.529663
-0.523464 -0.367448 0.237907 0.509343 0.051935 0.377010 -0.055121 -0.356480
-0.596510 -0.464701 0.238534 -0.042248 0.159072 -0.449756 -0.271769 0.260986
-0.009691 -0.460138 0.234502 -0.526344 0.159598 -0.356443 -0.131051 0.535221
0.156353 0.161530 -0.425740 -0.336355 -0.735522 0.029592 -0.243561 -0.232140
0.213975 0.415570 0.205622 -0.105547 -0.073722 -0.378601 -0.647746 -0.399694
-0.269665 -0.874263 -0.201458 0.092902 0.001402 -0.164285 0.050017 0.290269
0.000416 0.268570 0.087445 0.444341 -0.328239 0.712027 0.032719 0.327109
-0.044867 0.340764 0.554918 -0.143936 -0.523335 -0.008724 -0.396343 -0.349552
0.005345 -0.317757 -0.287249 0.054277 0.541997 -0.015946 -0.048220 0.719177
0.220989 0.243601 0.618689 0.076007 -0.481310 0.509463 -0.106594 -0.026538
0.171442 -0.226185 -0.402766 0.210299 0.538348 0.241381 0.531108 -0.287856
0.051988 -0.181699 -0.374084 -0.321561 -0.133825 0.682592 0.486511 0.020548
0.608357 -0.213197 0.459809 0.137735 0.007346 0.266513 0.144518 0.511955
0.147032 0.118905 0.368510 -0.017526 0.383705 0.109678 -0.636995 0.512958
-0.375273 -0.049919 0.649633 0.007280 0.115973 0.562466 0.153713 -0.284908
-0.194517 0.258194 -0.615374 0.416787 0.206166 0.324899 0.321152 -0.303164
0.501786 -0.125225 -0.298758 -0.265438 -0.265316 0.404936 -0.577222 -0.072692
-0.341601 0.162176 0.076659 -0.381659 -0.423771 -0.126761 -0.708230 -0.090774
0.229301 0.541559 -0.557416 0.136220 0.260351 -0.323243 -0.369674 0.126308
-0.612330 0.217659 -0.078276 -0.192574 -0.444823 -0.031837 0.526539 0.241559
0.053451 0.603643 -0.424257 0.491761 0.132410 0.366145 0.014750 0.243170
0.355041 0.391408 -0.356822 -0.476172 0.575320 -0.167583 -0.012099 -0.086456
-0.019595 0.082875 -0.010673 -0.099481 -0.202031 -0.869801 -0.131989 -0.409821
-0.412218 0.027989 -0.325470 -0.152961 0.444923 0.468085 -0.044324 0.530047
-0.466300 -0.351160 -0.342694 -0.195348 0.424287 0.449407 0.348827 0.000791
-0.477174 -0.194802 0.608455 -0.429672 0.278715 0.127583 0.032243 0.290761
0.162768 0.117492 -0.260365 -0.462283 0.468241 0.369800 -0.388535 -0.413829
0.327231 0.358386 0.187685 -0.007749 -0.794228 -0.213654 0.116988 -0.197664
0.291585 -0.604883 -0.266436 0.206007 0.330663 -0.398103 0.409145 -0.022093
0.010518 -0.461598 -0.235619 0.588654 0.096828 -0.021580 -0.267588 0.550775
-0.478972 -0.048710 -0.636714 0.096321 0.439808 -0.154275 0.257592 0.264488
0.470445 -0.323043 0.315169 0.354029 -0.317947 -0.347394 -0.344424 0.330554
-0.769761 0.065831 0.509088 -0.083020 -0.093157 -0.267819 0.229711 -0.062503
-0.502801 0.298753 -0.267989 -0.090663 0.150341 -0.510532 -0.169250 -0.515771
0.037620 -0.690115 0.519689 -0.336252 0.193161 0.197942 -0.216377 -0.126020
0.371173 0.094847 -0.519871 -0.487030 0.152606 0.066090 -0.454738 0.333671
-0.097538 0.219748 -0.396758 0.058016 0.403220 0.521146 0.541597 0.232199
0.338782 0.525343 -0.402166 -0.253892 -0.045451 -0.537504 0.186926 -0.239025
-0.618788 0.196091 0.210693 -0.108510 -0.372804 -0.265658 -0.168994 -0.533277
-0.324648 -0.733739 -0.122612 -0.392017 -0.048353 0.007417 0.197700 -0.382172
0.053129 -0.068620 0.316641 -0.546805 -0.456789 -0.583602 0.079779 -0.193926
0.274372 0.449741 -0.376726 0.481270 0.398989 -0.109771 0.416947 -0.061892
-0.103439 0.215921 0.113306 -0.410361 -0.319997 0.804273 -0.108960 0.018384
-0.546104 0.459322 0.257972 -0.602056 -0.060182 -0.093457 0.199159 0.098817
0.164110 0.090641 0.587548 -0.349484 -0.106473 -0.495232 -0.466802 0.151710
0.764060 0.428113 0.072191 0.134184 0.245588 -0.359701 -0.091851 0.107699
0.021860 -0.205797 0.103819 0.400866 -0.817870 0.314564 -0.006710 -0.133419
-0.167192 0.366731 0.227192 -0.648633 -0.044276 0.266862 -0.269977 -0.468145
0.208079 0.087551 -0.363123 -0.034836 0.786255 -0.063082 0.355941 0.259052
0.155726 -0.060696 -0.833942 0.062570 -0.246603 0.447311 0.044424 -0.099131
-0.303371 -0.214053 -0.810157 -0.155127 0.164128 0.090081 0.170780 -0.342817
0.125423 -0.519609 0.089023 -0.770141 0.272850 -0.143289 0.128924 -0.040531
-0.017907 0.082362 0.374060 -0.414370 -0.173749 -0.266675 -0.012260 -0.761466
-0.352306 0.237629 0.197585 -0.272232 -0.782818 -0.290583 0.083676 0.045113
0.556120 -0.145180 0.206682 -0.165658 -0.497419 -0.144622 0.508584 -0.269266
0.278703 0.137553 -0.097780 0.146362 0.511924 0.470638 -0.028859 0.622924
-0.258639 -0.322811 0.285162 0.167743 0.283032 -0.328810 0.701952 -0.196209
-0.115363 0.031989 -0.213811 0.332823 0.530983 -0.520176 0.523221 0.053892
0.526985 0.149664 0.195689 -0.204200 0.717576 0.272558 -0.076790 -0.157495
-0.436367 0.352911 0.334651 -0.085215 0.363753 0.188306 -0.246540 0.580727
0.169497 0.392219 -0.368782 0.255070 0.032612 -0.702835 0.235495 0.256701
-0.069098 -0.390061 0.277858 0.511628 -0.304433 0.415931 0.445265 -0.200447
0.069500 -0.456684 -0.258392 -0.054820 -0.573009 0.074746 -0.516995 -0.340055
-0.394820 -0.341171 0.092998 -0.107937 -0.554263 -0.376604 0.490185 -0.134593
0.149715 -0.360356 0.802318 -0.110325 0.326136 0.034232 0.247527 0.151814
0.051871 -0.198385 -0.393846 0.502223 -0.451179 0.226116 -0.009816 0.543907
-0.521984 -0.102645 0.126147 -0.387281 0.145518 -0.701359 0.124219 -0.150318
-0.435154 0.206238 0.426848 0.035912 -0.231928 -0.210825 0.324817 0.617158
-0.315584 0.470822 0.166511 0.448940 -0.085848 -0.525477 -0.328928 -0.240374
-0.360740 0.182994 -0.261663 0.272162 -0.802398 0.091181 0.180276 0.095869
0.180883 -0.020865 0.110560 -0.575597 0.588664 -0.026790 0.202341 -0.484910
0.083705 -0.077363 0.020197 0.182153 0.093170 0.913225 0.233024 -0.237666
0.237242 -0.733175 0.084242 0.117430 0.386274 -0.250007 -0.294467 0.294737
0.100533 0.049260 0.701524 0.097304 -0.436468 0.011771 0.342037 -0.422186
0.331904 -0.367450 -0.302722 -0.444452 0.505853 -0.205849 -0.331981 -0.239130
-0.121404 0.383237 0.016773 -0.554345 -0.113022 0.426566 0.568332 0.114426
-0.277674 0.235669 0.308228 -0.210046 0.005618 -0.427335 0.738357 -0.020640
-0.518593 0.243179 0.262739 -0.300687 0.407897 0.305872 0.498241 0.065684
-0.259267 0.276262 -0.257194 0.140907 0.467312 0.475923 -0.570594 0.001365
-0.238788 -0.278758 -0.344708 -0.053398 -0.585777 -0.145444 0.348157 0.508046
-0.156482 -0.260640 0.127674 0.430634 -0.710686 -0.433846 -0.041115 0.104202
-0.526585 -0.391070 0.312756 0.068852 -0.520541 -0.140105 0.054702 0.416721
-0.066055 -0.310011 0.444534 0.064638 0.279874 -0.038686 -0.040955 0.785014
-0.561619 0.297868 0.585090 -0.008524 0.496486 -0.024078 -0.075904 -0.025072
0.313685 0.071147 -0.557592 -0.254216 0.328311 -0.517914 0.026705 0.379845
0.152642 0.025494 0.044495 -0.618875 0.338745 -0.678669 0.065784 0.106793
0.037008 -0.273400 0.393517 0.464004 -0.457258 0.176924 0.087441 0.552906
-0.015868 0.463216 0.181686 0.125693 0.804485 0.056742 -0.242079 0.165407
0.665326 -0.330985 -0.182740 0.214813 -0.029090 0.082070 0.523339 -0.294612
-0.139443 0.628909 -0.282858 -0.358762 0.322403 -0.066683 -0.428992 -0.289649
0.056950 -0.364709 0.308771 0.064974 -0.285706 0.621260 -0.453169 -0.302065
0.379835 -0.207009 -0.180902 -0.781933 -0.198745 0.243643 0.162900 0.208194
-0.634863 0.196141 -0.291260 -0.538156 -0.085482 0.091811 -0.287136 -0.293021
-0.421693 -0.354296 0.705229 0.056088 0.252216 -0.184371 0.036995 -0.311755
0.331295 -0.572215 0.382175 0.061272 -0.001935 0.268905 0.234809 -0.534382
-0.406613 -0.273740 0.048170 -0.247060 -0.792286 0.172204 -0.189527 -0.055792
-0.371258 -0.310329 0.519029 0.054044 0.167668 0.208148 -0.644791 -0.079837
-0.055245 -0.015841 -0.221264 0.401661 0.307214 -0.461149 -0.616034 -0.316045
-0.265935 -0.251765 -0.307020 -0.665814 0.165591 -0.319953 -0.086741 -0.437063
0.554954 -0.057199 -0.382014 0.195479 0.154710 -0.624758 0.062062 -0.294134
0.330866 -0.868451 -0.062051 -0.135161 0.115026 -0.161106 -0.050557 -0.269199
-0.304651 0.182723 -0.657775 0.340431 -0.022232 -0.563332 -0.056282 -0.065229
-0.509243 -0.153278 -0.193824 -0.110627 -0.059502 -0.306188 0.353754 -0.667042
0.669811 0.346695 0.379673 0.301630 -0.310107 0.045919 -0.208935 0.232596
-0.642503 0.072693 -0.424389 -0.102142 0.014667 0.010025 -0.488145 0.390865
0.010819 -0.245098 0.242059 -0.466865 0.004924 0.464729 0.079809 -0.664002
-0.214997 0.349888 -0.173986 -0.656707 0.296173 -0.286524 0.372592 -0.247367
0.210488 0.315514 -0.361180 0.201425 -0.597171 0.190984 0.055274 -0.537579
-0.466542 0.262649 0.140928 0.224206 0.062495 0.142861 -0.758034 0.210530
0.249359 -0.005329 -0.127833 -0.455465 -0.712899 -0.286447 0.160520 0.313002
0.517258 0.054029 0.557145 0.279106 0.022458 0.435129 0.286131 -0.263684
-0.280908 0.072980 0.030244 0.743057 -0.448145 0.209884 -0.308784 0.149991
0.489094 0.203868 0.271394 0.550740 0.535187 0.099678 -0.081296 -0.198242
0.204663 -0.152293 -0.657021 -0.081871 0.501536 0.462146 -0.157415 0.081626
-0.163175 -0.054317 0.047629 0.718062 -0.046009 -0.610935 0.263827 -0.087144
-0.341641 0.125086 -0.498429 -0.154733 0.107067 0.751438 0.030415 -0.135009
0.374633 0.188600 -0.729051 -0.391802 -0.300679 0.089863 0.053369 0.194285
-0.020620 -0.220721 0.109245 0.007317 -0.748770 -0.227542 0.028141 -0.570661
0.391120 0.508686 0.217095 -0.135463 -0.278473 0.293691 0.197066 -0.565825
-0.653282 0.451618 -0.411275 0.197385 -0.115316 -0.077255 0.169126 0.336603
0.047158 -0.154304 -0.497298 0.501058 -0.146149 -0.026983 0.284235 -0.610519
-0.622615 -0.591596 0.381454 -0.225186 -0.167381 0.188315 -0.050406 0.011810
-0.227493 0.533038 -0.357639 -0.077815 -0.198366 0.498360 0.276497 0.407437
0.454702 -0.309734 0.119114 -0.649846 0.121848 0.423226 -0.206856 -0.155157
-0.291342 0.740044 0.265946 -0.041298 0.229878 -0.136051 0.377528 0.284874
0.230630 -0.008191 -0.523808 -0.134149 0.019984 -0.664461 -0.451539 -0.092670
0.114671 -0.244340 -0.626889 0.340110 0.399554 -0.469384 -0.119569 0.155676
0.050694 -0.105415 0.003504 -0.488677 0.407588 0.098039 0.745716 0.125215
-0.529709 0.226591 -0.005930 -0.567185 -0.048292 0.377955 -0.227016 0.386823
0.389823 0.091592 -0.190568 -0.476091 -0.365270 0.596192 0.021844 -0.295523
0.422938 -0.070091 0.074586 0.236885 -0.410975 0.477059 -0.422965 0.423267
-0.645765 -0.472094 -0.381997 -0.322022 -0.162192 0.209672 0.055056 0.192892
0.572697 -0.310856 0.153902 0.379168 -0.035235 0.111231 -0.361724 -0.513319
0.205127 -0.528222 0.172111 -0.516663 -0.210407 -0.204701 -0.242027 -0.487442
0.039983 -0.442092 -0.111772 0.002041 0.426414 -0.675593 -0.150505 -0.359959
-0.003393 0.386594 0.409871 0.061656 -0.106034 0.671422 0.464566 -0.029625
-0.043184 0.741321 -0.249822 -0.079677 -0.516945 -0.201584 0.180797 0.198169
-0.638302 -0.136226 -0.048551 -0.136500 -0.158228 0.550981 -0.472510 0.033986
0.541680 -0.126867 -0.268469 -0.174135 -0.329356 0.224547 0.582856 0.299138
-0.186235 -0.183467 0.666721 0.397498 -0.237339 -0.288025 0.417261 0.125509
-0.103242 -0.667500 -0.038529 0.358991 0.390676 -0.029028 0.200707 -0.468704
0.710315 -0.186731 -0.092799 0.526768 0.105015 0.288430 -0.195032 0.205534
0.137073 0.137611 -0.507250 0.492830 -0.095325 0.470813 -0.476538 0.065252
-0.185997 0.223918 0.457038 0.693788 -0.148360 0.357195 0.242189 -0.129594
-0.251524 -0.004570 -0.138578 0.180754 0.228620 -0.873789 -0.181642 0.189965
-0.301383 -0.025534 0.189440 0.333338 0.239520 -0.079868 0.367106 -0.750385
0.441686 -0.462413 -0.092608 -0.149730 0.018919 -0.678122 -0.053658 0.311468
-0.036138 -0.507364 -0.064965 0.247053 -0.253216 0.172765 -0.119654 -0.753494
0.369427 0.649800 0.180822 0.093070 -0.249416 -0.321967 0.192555 0.443832
-0.450794 0.063834 0.004216 0.218687 0.530785 0.405705 0.325067 -0.439193
0.319002 0.258515 0.673436 -0.080087 0.540265 -0.221605 -0.120808 -0.126170
-0.303408 0.306090 -0.151235 0.126854 -0.457542 0.632383 0.346751 -0.214023
-0.033594 -0.381882 0.002597 -0.159866 0.671748 0.358264 -0.484370 0.115238
-0.168489 0.023526 -0.585222 -0.150317 0.652293 -0.284117 -0.259333 -0.180355
0.205625 -0.236784 -0.319050 0.147546 -0.783951 -0.184778 0.350088 -0.082543
0.002511 -0.060075 0.009595 -0.297603 -0.313550 0.015134 0.898830 -0.035956
-0.127393 0.126582 -0.062044 0.117281 -0.641726 0.423940 -0.598739 0.011299
-0.150503 -0.340560 0.461355 0.713416 0.054219 -0.106556 -0.239324 0.260768
0.126501 -0.161360 -0.104513 0.204500 0.829142 -0.223308 -0.404634 0.064452
0.484285 -0.356741 0.462105 0.066288 0.348258 0.505908 -0.202484 -0.045403
-0.254092 -0.077978 -0.500533 0.411017 0.468490 -0.263813 0.170858 -0.437760
-0.385653 -0.609130 0.094453 0.457387 -0.252927 0.330413 -0.077466 0.288054
-0.387696 0.443642 -0.060862 -0.287961 -0.330020 -0.142432 -0.086544 0.655414
0.102694 0.274015 0.048198 -0.466455 0.475192 0.512716 -0.339222 0.301199
-0.406261 -0.052873 0.377740 0.360377 -0.444947 0.187785 -0.387753 -0.419539
0.278247 0.076723 -0.476812 0.757218 0.190248 -0.073593 -0.182635 -0.202497
0.406196 0.014496 0.745662 0.490456 0.071343 -0.159926 0.086580 0.009088
0.314046 -0.236568 -0.046542 0.693148 0.129584 0.379904 0.168041 -0.416465
0.448046 0.108021 -0.155852 0.230092 0.333153 0.556121 -0.354359 -0.405630
-0.483780 -0.457222 -0.093903 0.037352 -0.417147 0.333775 0.511157 -0.000053
0.055997 -0.271203 0.471302 0.394550 0.511078 -0.521290 0.104521 0.040716
0.405564 0.311043 -0.218881 -0.633778 -0.007971 -0.108847 0.506817 0.143046
-0.354089 -0.060768 0.342425 -0.246465 -0.160164 -0.060438 -0.624345 0.523287
0.058574 0.072569 0.693279 -0.038620 0.299361 0.046002 0.246240 -0.597442
-0.120955 -0.377402 -0.772239 -0.088121 0.055190 0.074420 -0.048065 0.477425
0.694134 0.034807 -0.407580 -0.326471 0.254798 0.399803 0.113260 -0.081824
0.109309 0.422232 -0.314666 0.371132 0.101303 -0.507479 -0.073513 -0.547570
0.276879 -0.362171 0.267600 -0.429430 0.251054 0.374626 -0.073492 0.572175
-0.275347 0.824144 -0.177628 -0.100717 0.187049 0.174794 -0.200080 0.312593
-0.038949 -0.174564 0.106003 0.062322 -0.237699 -0.360469 -0.586731 -0.649777
0.169572 -0.197536 -0.128285 -0.476329 0.536546 0.592274 0.197792 0.105369
-0.388221 -0.223161 -0.336317 0.372590 -0.373191 0.563531 -0.066870 -0.293686
0.636403 -0.257594 0.098057 -0.333121 0.002558 -0.529634 0.188502 -0.303340
-0.049235 -0.172208 0.107023 0.118483 -0.054590 0.554458 -0.154025 0.779946
-0.218721 0.825741 0.345048 -0.053571 0.056372 -0.089178 -0.312501 -0.199012
-0.393579 0.149186 0.346317 -0.060997 -0.367740 -0.670818 -0.254256 0.222076
0.241110 0.298057 -0.078007 0.286190 -0.289121 -0.675379 -0.444122 0.167555
-0.203233 -0.303149 -0.243064 -0.183145 -0.336642 -0.778878 0.046654 0.228101
0.392084 0.591429 -0.256828 -0.370877 -0.209085 -0.301108 -0.381922 0.112903
-0.012015 0.449517 -0.416854 -0.639023 0.077578 0.447254 -0.096157 0.019629
-0.572072 -0.321072 0.085908 -0.464825 0.038912 -0.073929 0.580265 0.050261
0.741955 0.395406 -0.146414 -0.268592 -0.424113 0.007109 0.137744 -0.026685
-0.761725 -0.102363 0.024933 -0.384977 -0.310504 -0.276064 -0.203144 0.215859
0.309540 0.148057 -0.000125 0.288181 -0.782439 -0.109105 -0.026469 0.417623
-0.358877 -0.480134 -0.134905 0.567768 0.409272 -0.323640 0.056745 0.157050
-0.333594 0.198106 0.358446 -0.451473 0.290616 -0.438775 -0.210774 0.442446
-0.493466 -0.392722 0.061308 0.261102 -0.403536 -0.014680 -0.596431 0.107471
-0.068488 -0.122382 -0.582480 -0.601972 0.459763 -0.000782 0.118974 0.230542
0.327239 -0.448414 0.512096 -0.510661 -0.361309 -0.063102 -0.057829 0.175968
-0.070736 -0.437919 0.783462 0.230756 -0.221781 0.288883 0.000470 -0.059428
-0.520845 -0.064530 0.140254 -0.604525 -0.384802 -0.035986 0.210091 -0.382020
-0.063372 -0.310953 -0.516950 0.346804 0.257483 0.492119 -0.167062 -0.418818
-0.860385 -0.079885 0.116624 0.045869 0.158793 -0.063010 -0.415530 -0.189232
0.055135 0.188159 0.426612 0.280254 0.341531 -0.457371 -0.248049 -0.560059
-0.134139 0.554090 0.063579 0.484740 -0.345473 0.058411 0.051875 0.557252
0.002408 0.092841 0.133557 -0.138643 0.060126 -0.682222 0.189939 0.670226
0.189841 -0.211957 0.385226 -0.287541 -0.381598 0.084380 -0.719548 -0.132229
0.309338 0.400624 -0.397191 -0.087708 0.015302 0.658809 -0.311495 0.216957
0.215725 0.046590 -0.442474 -0.055796 0.046403 0.526649 0.119667 -0.677180
0.153121 0.631899 -0.154474 0.465511 0.292676 0.100335 -0.401271 -0.282775
-0.137060 -0.350129 -0.065184 -0.120821 0.626150 -0.597723 0.039412 0.298173
0.138741 0.324994 -0.079461 0.500877 0.567686 -0.532859 -0.108188 -0.006330
-0.453431 0.085350 0.105787 -0.421092 0.452223 0.031156 -0.620263 0.091726
-0.036728 -0.164777 -0.352123 -0.508660 -0.047312 0.604511 -0.171767 0.437740
0.638142 0.264951 -0.180087 -0.099036 0.350910 -0.124639 0.484330 -0.327258
-0.166238 0.375216 -0.572429 0.380571 -0.367826 -0.073437 -0.348608 0.311237
-0.022173 -0.122172 -0.429329 0.265220 0.048662 0.764435 0.079416 0.369988
0.225412 -0.350197 -0.650477 -0.535378 0.019621 0.196162 -0.128989 -0.247603
-0.389353 0.599333 -0.015570 -0.288702 -0.534828 0.280509 -0.202001 -0.009812
0.345698 -0.126065 0.157280 -0.272162 -0.821546 0.263737 -0.139939 0.041708
0.451873 -0.170730 0.363351 0.163819 0.665232 0.020354 -0.104088 0.392463
0.469420 -0.550319 -0.213805 -0.003075 0.145924 0.584705 0.078830 -0.248398
-0.626605 0.410068 0.144911 0.250974 -0.440915 -0.098243 -0.331352 0.203435
0.112061 0.511955 0.219574 -0.103360 -0.601247 -0.241183 -0.410337 0.280042
-0.444262 0.413722 -0.377751 0.345405 0.361482 -0.229656 -0.422142 0.088732
0.410292 0.507807 0.014036 0.641115 -0.227094 0.324445 0.002009 -0.075758
-0.330909 0.002010 0.597752 -0.384929 -0.323671 0.129907 0.504717 0.093015
0.377617 0.040871 0.222468 0.547211 0.118484 0.009330 -0.183673 0.677460
-0.032171 0.628090 0.327772 -0.076053 -0.349695 -0.566475 0.032085 -0.216939
0.085955 0.483885 0.356058 -0.556164 -0.215111 -0.395523 0.211143 0.274027
0.364851 0.360560 0.667045 0.013493 0.279689 0.372957 0.032177 0.270936
-0.146845 -0.006667 0.460906 -0.440366 0.564352 -0.314316 0.393244 0.010874
-0.065419 -0.161787 0.671117 -0.474892 -0.293607 0.400867 -0.111085 -0.185496
0.482762 0.470904 -0.465245 -0.260698 0.005824 0.159720 -0.251993 -0.414414
-0.333418 0.495079 0.489714 -0.145967 -0.183282 0.257310 0.200243 -0.492666
0.177498 -0.031963 0.379085 -0.537377 0.241092 -0.043385 -0.510669 -0.462833
0.294737 0.620478 0.114465 0.393744 0.393177 0.032115 0.124898 0.434501
0.119692 -0.049283 -0.101947 0.343586 0.288582 -0.011246 -0.228211 -0.848128
0.125709 0.034319 -0.142370 -0.435136 -0.531132 0.164460 -0.499027 0.463943
0.763317 0.264347 0.086479 -0.217451 0.197812 0.210386 -0.128937 0.438976
0.064399 -0.218722 0.254331 -0.149692 -0.511664 -0.424289 -0.108705 0.638199
-0.128006 -0.599729 -0.495074 -0.391555 0.130183 -0.440432 0.053313 0.108480
0.212099 -0.490938 -0.180596 -0.434771 0.061909 0.246058 0.529997 -0.383532
-0.184725 -0.103629 0.312849 0.110830 0.874505 -0.100112 0.118368 -0.237069
-0.335386 0.127035 0.383303 0.383985 0.461622 -0.380482 -0.452223 0.121048
0.461873 0.190857 0.136591 0.656397 -0.065824 -0.309370 -0.366329 -0.257888
0.084915 -0.299619 0.129829 -0.565444 0.123723 0.125630 -0.673740 0.285362
-0.082341 0.319134 -0.751815 -0.468815 -0.017573 -0.151246 -0.051462 -0.283798
-0.332657 -0.077337 0.027239 0.612695 -0.490121 -0.073397 0.272754 -0.432698
-0.696480 0.012720 0.089807 -0.301511 -0.114205 0.538181 0.209747 -0.262891
-0.029961 -0.474694 0.576714 -0.321876 -0.170068 -0.116964 0.436530 -0.323127
-0.395634 -0.339495 0.274199 -0.312063 -0.183886 0.170601 -0.466840 -0.524213
0.263642 0.101330 0.176936 0.239959 -0.041629 0.327060 -0.845901 -0.084264
0.081834 -0.046347 -0.310391 -0.042756 -0.655441 0.633995 0.071232 0.237422
-0.156903 -0.009014 0.015189 0.754998 0.588395 -0.006334 -0.028744 -0.240821
0.273824 -0.204183 0.068816 -0.264972 -0.460807 0.255295 0.144678 0.714107
-0.094727 -0.059087 0.704540 -0.135724 -0.216638 0.409930 0.097817 0.498206
-0.129611 0.047899 0.425179 -0.663424 -0.447468 0.006908 -0.165018 0.364007
0.237517 0.070100 0.719721 -0.080052 -0.530214 -0.206798 0.164919 0.251369
0.251338 -0.473826 -0.524608 -0.106305 0.258161 0.258618 0.468976 0.268974
0.108050 0.321661 0.152933 0.522370 0.435757 0.463594 0.427364 0.034157
-0.115636 0.105432 -0.036364 0.495200 0.511571 -0.322356 0.023204 0.602372
-0.317929 0.585651 -0.351390 -0.121986 -0.306669 -0.441797 -0.358076 0.011795
0.421568 -0.661908 -0.206940 0.407115 -0.310648 -0.142141 0.035693 -0.240037
0.004650 -0.302866 -0.426051 0.207849 0.111039 -0.412449 0.409581 0.577362
-0.178941 0.584830 0.073763 0.140990 0.074409 -0.416864 -0.310397 0.570080
-0.292629 0.199158 0.032498 -0.257016 0.491560 -0.066263 0.353157 0.660964
-0.277578 0.231150 0.275726 0.395405 0.240196 0.313922 0.319788 0.615359
-0.152037 0.339481 -0.858947 -0.045303 0.160818 0.192883 -0.113994 0.213875
-0.514320 -0.088839 0.130371 0.271522 0.416035 -0.587865 0.015505 -0.343472
-0.053720 0.543302 -0.143880 -0.304291 -0.398663 -0.190978 -0.190644 -0.597413
-0.091173 -0.106273 0.505032 0.085428 -0.656793 0.123765 -0.428110 0.296802
-0.449232 -0.537474 0.127905 -0.107887 -0.203086 -0.491902 -0.175983 -0.408827
-0.556526 -0.021224 -0.076801 0.073150 -0.457446 0.368148 -0.108244 0.567522
0.271606 0.733187 0.092246 0.046727 0.504605 -0.208309 0.117012 -0.257437
0.058411 -0.090571 0.092276 -0.491130 0.788085 -0.056148 -0.063137 0.332349
-0.092287 -0.198590 -0.583244 -0.547674 -0.214403 -0.067472 0.511267 0.004845
0.611477 -0.409067 -0.340472 0.215803 0.470489 0.024506 -0.109691 -0.249574
0.523253 -0.413450 -0.688207 -0.063751 -0.107535 -0.235228 0.024070 0.100554
0.173812 0.488936 0.176369 -0.197963 0.314191 0.089068 -0.144900 -0.729934
-0.262028 -0.150833 -0.743883 0.435343 0.072989 0.007993 -0.400367 -0.005470
0.118980 -0.294204 -0.027592 -0.608649 -0.575494 0.026800 0.295228 -0.330165
-0.097388 -0.064223 0.501519 -0.359105 0.618008 0.324442 -0.202642 -0.278701
-0.407494 0.490450 0.349953 0.378489 -0.347620 -0.324097 0.319096 -0.000668
-0.050320 0.506071 0.448447 0.143544 0.502787 0.418199 0.023678 -0.302356
-0.653230 -0.282092 -0.028371 0.163141 -0.060893 -0.521690 0.382821 0.209496
0.354211 -0.527507 -0.207010 -0.495296 -0.261761 -0.209631 -0.389499 0.209611
0.472685 0.113830 0.201983 -0.662290 -0.389213 -0.156362 -0.290849 -0.153853
0.104377 0.552753 -0.308905 -0.021353 0.089907 -0.061327 0.329797 -0.683439
0.008797 0.642807 -0.075145 0.009145 -0.044226 0.626698 -0.172143 -0.395808
-0.118504 -0.163707 -0.809040 -0.210681 -0.196857 -0.196530 -0.427517 -0.009217
-0.081176 0.341446 -0.391761 -0.157564 0.625375 0.004520 -0.353487 0.427163
0.080809 0.269883 -0.305529 -0.283211 -0.693484 0.162195 0.489753 -0.001623
0.332461 -0.069961 -0.445030 0.583180 -0.110353 -0.340771 0.464139 -0.052085
-0.182025 0.117156 0.126426 -0.281927 0.677033 -0.448521 -0.319302 -0.310138
0.016256 0.105654 -0.371132 0.707075 -0.365279 0.380318 0.260108 -0.071818
0.578936 -0.303519 -0.388083 -0.118006 -0.150479 0.463230 -0.086656 0.404291
0.606222 0.032248 0.238158 -0.514115 0.436202 -0.033630 0.301714 0.167342
-0.068291 0.095196 0.113522 -0.806647 0.199569 0.201523 0.213598 0.443455
0.178198 -0.173024 0.064264 -0.165444 -0.676694 -0.486558 -0.460402 -0.014100
-0.096509 -0.621992 -0.466820 0.058555 0.617707 0.005846 -0.027925 0.009933
-0.425428 0.092719 0.514651 0.189384 -0.655549 0.196167 0.201458 -0.029745
0.049483 0.587949 -0.033742 -0.145841 0.272728 -0.704440 -0.236609 -0.053919
-0.185934 0.250054 -0.278364 -0.421513 -0.419018 -0.458404 0.404727 -0.313428
-0.402277 0.069443 0.497786 -0.156382 0.100025 -0.446176 -0.530697 -0.265320
0.473768 -0.045228 0.022328 -0.066268 0.702130 -0.503820 0.138621 -0.050892
-0.177593 0.381954 -0.300891 -0.473388 -0.264117 0.322978 0.284802 -0.502758
-0.243332 0.050424 -0.328422 0.217818 -0.300236 -0.421309 0.710312 0.103772
-0.030291 -0.132905 0.278320 -0.218448 -0.454452 0.542961 0.497864 -0.327181
0.591479 -0.152878 -0.287130 0.259950 0.201334 -0.346547 -0.496544 0.263794
-0.198186 0.244447 -0.074705 0.596671 0.218937 0.601651 -0.129982 -0.335522
0.316218 -0.694347 0.281230 0.545753 0.143700 0.134543 0.033468 0.033065
0.348376 -0.087436 0.029277 0.512728 0.397840 -0.321225 0.345460 -0.475868
-0.624613 -0.116248 0.202736 0.049247 0.513309 0.520731 -0.133846 0.016451
0.353699 -0.418883 0.289016 -0.141270 -0.310619 0.688475 0.121860 0.103073
0.143062 -0.209290 0.720868 0.063947 -0.013098 0.001011 -0.371820 -0.523065
-0.105945 0.031282 -0.587390 0.044291 -0.287781 -0.310759 -0.118003 -0.668959
-0.060715 0.320666 0.017560 -0.021580 0.635354 0.016251 0.651307 -0.254130
0.621115 0.225763 0.358415 0.117874 0.095048 -0.225426 0.130007 -0.586643
0.723414 0.328104 -0.311704 0.209317 -0.099719 0.129568 -0.446977 0.039260
-0.219215 0.306669 0.042536 0.039256 -0.575568 -0.040064 0.524041 -0.497048
0.426563 0.015027 -0.597657 -0.185000 -0.294281 -0.050042 0.420952 -0.400128
-0.232749 0.230801 0.752695 0.134806 0.187501 0.136540 0.499473 0.067734
-0.299934 -0.431398 0.349969 -0.270455 0.441678 0.227695 0.430093 -0.310511
0.860590 -0.003344 0.109031 0.016600 -0.173223 0.442726 -0.007878 -0.145452
-0.720464 0.382086 0.229657 0.390544 0.043044 0.120143 0.065334 -0.330361
-0.093258 0.122575 -0.561056 -0.177080 -0.258724 0.479340 -0.466274 -0.340637
-0.266628 -0.040212 -0.028530 -0.712451 -0.207254 -0.408615 0.324761 0.321739
-0.226276 -0.182434 0.839298 0.073248 -0.037602 -0.211912 -0.242746 0.317051
-0.191030 -0.342168 -0.487774 0.049957 -0.371001 0.422111 -0.475220 0.253704
0.379773 -0.394217 0.301602 0.410549 -0.121735 -0.411176 0.502929 -0.063699
-0.148629 0.229490 0.840693 -0.386264 -0.018358 -0.185056 0.043199 -0.181265
-0.527385 0.430845 -0.408762 -0.459566 0.239252 0.114528 0.219512 0.198555
-0.173421 -0.387601 0.171344 -0.177382 0.315889 -0.160043 -0.050868 -0.794290
-0.163133 0.518587 0.292580 -0.556825 0.544189 -0.025238 -0.052375 -0.096350
-0.231790 -0.628569 0.013167 -0.530483 -0.428554 -0.233969 0.031707 0.173770
0.674375 0.250236 -0.290094 0.346838 0.015106 0.067090 0.078625 -0.516964
-0.587483 0.085842 -0.506912 0.116849 -0.400803 0.003752 -0.377267 -0.271854
-0.210319 -0.099697 0.199840 0.457217 0.610856 0.272909 -0.277649 0.414900
-0.074366 -0.550340 -0.178221 0.536152 -0.335314 -0.096273 0.453249 0.212718
-0.545598 0.058062 0.260492 0.232291 -0.134325 0.122820 0.697815 -0.238908
-0.093159 0.866467 -0.121488 0.356484 0.042082 -0.300573 0.064363 0.049690
-0.450078 -0.602345 -0.283181 0.175586 -0.518746 -0.122556 -0.050898 -0.192081
-0.241416 0.106168 0.049410 -0.158491 -0.626387 0.427988 -0.159196 -0.549560
-0.202831 0.117289 -0.485018 0.726589 0.079812 -0.168465 0.225469 0.310405
0.597334 -0.154240 -0.037522 -0.083002 0.387870 0.315575 -0.580849 0.153984
0.302508 0.438728 0.057845 -0.156396 0.312742 -0.533546 0.529655 0.158752
-0.324386 -0.036895 -0.194321 -0.252153 0.237276 -0.150587 -0.680799 -0.499617
0.460257 0.714050 -0.417554 -0.074555 0.121884 0.009113 0.153107 0.244985
0.592901 -0.370608 0.329031 -0.396004 0.287675 -0.234876 -0.321701 0.068075
0.742195 -0.007657 -0.070215 0.294881 -0.397662 -0.442285 0.042624 -0.040660
0.578418 -0.376594 -0.276136 -0.274080 0.477223 -0.015047 -0.060582 0.374980
0.363257 0.301400 0.219793 0.375307 0.246508 0.613372 -0.336013 0.195330
-0.392795 0.155230 0.392465 0.060559 0.214445 0.107672 -0.314443 -0.712373
0.185130 0.034870 0.654693 -0.609175 0.259344 0.052013 -0.180947 0.249198
-0.182427 0.400332 0.419881 0.435164 0.452229 -0.291519 0.341922 -0.185463
0.400173 -0.134500 0.445474 0.435061 0.307602 -0.153124 -0.558760 0.061504
0.435443 0.537771 -0.184911 0.226070 -0.279385 -0.154630 0.565940 -0.116825
-0.018049 -0.182035 -0.590636 0.439623 -0.606920 -0.023713 -0.207552 -0.111503
-0.108723 -0.509115 0.197727 -0.317717 -0.367689 0.445579 -0.367584 0.346546
-0.160019 0.020163 0.054972 0.145386 -0.379007 0.435921 0.629838 0.468475
-0.222083 -0.480151 -0.210160 0.538772 0.274604 0.443604 0.334845 0.037299
0.151355 0.124443 -0.792068 0.034255 0.165216 -0.067182 0.521572 0.170995
0.453053 0.120192 0.010149 -0.067512 0.312786 -0.148955 0.347922 0.731148
0.083951 0.075098 0.146031 0.463910 -0.557776 -0.042988 0.657900 0.070674
-0.195642 0.560560 -0.126445 0.494339 -0.146638 0.169255 0.570706 0.106260
-0.344023 0.237625 -0.270884 0.405400 0.125180 0.269247 -0.229764 0.668215
0.306777 0.516207 -0.070039 -0.494782 -0.355936 0.280236 0.009151 0.429428
-0.047945 -0.309123 0.039007 -0.443653 0.054264 -0.665180 -0.504358 -0.063406
-0.063211 -0.168426 -0.321600 -0.413744 -0.217799 0.112331 -0.191885 -0.772116
-0.452308 -0.090746 -0.667160 0.273895 -0.204386 0.311389 0.250154 0.256430
-0.258351 -0.019819 0.466213 0.133570 -0.201653 -0.574757 0.309555 -0.480459
0.008462 -0.477106 0.003508 0.181634 -0.279525 -0.102354 0.664007 -0.458026
-0.012635 0.115413 -0.137579 -0.423081 -0.223673 -0.584910 -0.440663 0.449750
-0.535408 0.102233 -0.194487 0.215649 -0.483852 -0.575866 0.099567 -0.207177
0.049130 0.487987 0.043794 0.605425 0.129736 0.096764 0.230122 -0.558451
-0.244703 0.406511 -0.036293 -0.115507 0.699182 -0.471263 0.135036 0.176183
0.019866 -0.101202 -0.292819 0.052150 0.172920 0.370330 -0.673206 0.529777
-0.083861 0.332387 0.247528 -0.079312 -0.720300 0.281615 0.089862 0.456860
-0.894480 0.021897 0.024598 -0.048260 0.127142 0.140557 0.154601 0.369698
-0.316603 -0.198421 -0.467972 -0.152094 -0.567324 0.129918 0.292101 -0.440696
-0.023361 0.159781 -0.507590 -0.117260 -0.309951 0.220304 -0.098125 0.740478
0.339076 0.364993 0.258194 0.415792 -0.035796 -0.657911 0.230613 -0.158003
-0.015159 0.276580 0.587829 0.452760 -0.118929 0.229275 -0.372923 0.408617
-0.425535 0.162607 -0.616342 -0.328702 -0.459324 0.292434 -0.012998 0.088894
0.603423 -0.122220 0.072233 0.098411 0.465865 0.415734 0.451851 0.109612
-0.207711 -0.474773 -0.235917 0.783818 -0.089652 -0.009914 -0.126636 -0.193020
0.530695 0.143246 0.145301 -0.109395 -0.160758 -0.201634 -0.711160 0.304179
-0.423557 0.133369 -0.066836 0.166741 0.187779 -0.001615 0.784531 0.346120
-0.054427 -0.426862 -0.243584 -0.282912 0.538272 0.367004 -0.007501 -0.500984
-0.029274 0.286436 0.653106 0.228557 0.385354 -0.209434 0.046153 0.493808
-0.331909 0.202951 -0.269396 -0.301120 0.385387 0.096269 0.097530 -0.719799
-0.235946 -0.266113 -0.013851 0.204386 0.729392 0.109738 0.475102 0.248561
-0.275356 -0.342130 -0.172609 0.083044 0.033946 0.457519 0.463239 -0.587695
-0.340402 -0.185235 -0.540222 -0.406199 0.308786 0.296334 -0.456151 -0.041839
-0.626279 0.636654 -0.162384 -0.117695 -0.215793 -0.084460 0.184453 -0.272977
-0.764170 -0.508473 0.038906 0.101719 0.279803 -0.007568 0.206586 -0.156952
-0.390386 -0.231286 0.192430 -0.401459 -0.163142 0.075176 0.164323 0.732566
-0.194091 -0.848622 0.004214 0.158489 0.042353 0.210382 -0.378757 -0.165937
-0.258329 0.565763 0.660605 -0.049142 -0.233920 -0.085634 -0.128258 0.309633
-0.380117 0.502443 -0.016347 0.238983 0.563533 -0.103601 -0.161453 -0.437415
0.613064 0.588915 0.073931 0.077572 0.225258 0.402983 0.177516 -0.145626
0.513995 0.080761 0.060904 -0.343451 -0.021238 0.382113 0.613808 -0.290533
0.017993 -0.202295 0.198202 0.137169 0.134593 -0.555496 -0.552635 0.518235
0.073061 0.865940 -0.015483 -0.434599 -0.045516 0.020249 0.162991 -0.163260
-0.253015 0.213207 -0.156899 0.315186 -0.445093 -0.541078 0.105974 0.514272
0.390197 -0.018441 0.247039 0.054054 0.272827 -0.756638 -0.362627 -0.070975
0.262002 -0.260612 -0.185529 0.583087 -0.266732 -0.023877 -0.642027 0.071554
0.425536 -0.153055 0.338663 -0.162200 -0.490615 0.230025 -0.140609 -0.584052
0.040783 -0.227558 0.455123 0.391153 0.185292 0.660378 0.176017 0.291592
0.142423 0.572497 -0.021272 -0.312788 0.556972 0.297622 0.312339 0.239438
-0.135739 0.439789 -0.463680 -0.258016 -0.148349 0.142363 -0.650750 0.202109
0.060480 0.352527 0.327840 -0.559389 -0.591767 0.168719 0.158574 -0.218836
0.291075 0.534693 -0.150201 0.061054 0.012069 0.081522 -0.438976 0.635305
0.449335 0.024784 0.561072 0.058339 -0.362522 -0.467342 -0.197905 -0.300492
-0.500627 -0.480401 -0.417088 0.199452 0.238755 0.415518 -0.230071 0.149227
-0.112773 -0.079149 -0.061589 0.713605 0.159582 0.016247 0.653805 -0.121726
0.093504 0.539319 -0.401377 0.018739 0.556776 0.428901 0.010030 -0.211874
0.272721 0.629973 0.337882 -0.313599 0.342887 -0.182835 -0.043404 0.404202
-0.601307 -0.063629 -0.064241 0.056441 0.699525 -0.154829 -0.187365 0.280493
-0.587677 -0.289290 -0.410195 0.375030 -0.263613 -0.245327 -0.121570 0.342917
0.283133 0.424918 0.503965 0.349323 -0.032883 0.209791 -0.337218 -0.452189
-0.090744 0.579453 -0.338491 -0.187188 0.015061 -0.122769 0.696837 0.074438
0.204988 -0.046527 0.006432 -0.098196 -0.180913 0.003483 0.364480 -0.883489
-0.163333 0.322320 0.535004 0.005558 0.230389 -0.722556 0.052932 0.072309
-0.076955 0.013291 0.421621 -0.099796 0.694812 0.394103 0.225722 0.342286
0.209452 0.021616 -0.543078 0.026326 0.332467 0.074040 -0.731281 -0.096226
0.182425 0.838022 0.216426 0.038115 -0.164767 0.382491 -0.005554 0.206592
-0.007545 0.341850 0.247649 0.872884 0.118275 -0.172427 0.028826 0.123641
0.313297 0.174426 0.382683 0.192009 0.627634 -0.110738 0.504017 0.167027
-0.548174 -0.087104 0.381345 0.591617 0.346178 0.020677 0.271333 0.051094
-0.000122 -0.150546 -0.227614 -0.034288 -0.223856 -0.116863 -0.906136 0.198797
-0.298995 -0.022830 -0.338745 -0.096691 -0.722988 -0.220672 -0.313640 0.340910
0.573593 -0.367222 -0.051660 0.004425 -0.141222 -0.407354 -0.521655 -0.274698
0.141769 -0.158017 -0.223617 0.508927 -0.374798 -0.553865 -0.220716 -0.387282
0.165162 0.233596 0.339380 0.284700 0.005783 -0.113458 0.764276 -0.353424
-0.340866 -0.220731 0.270042 0.098801 -0.443911 0.741029 0.020362 0.076308
0.267831 -0.622884 -0.504454 0.084327 0.063980 0.116817 -0.490869 0.141468
0.446389 0.000284 0.167289 0.529359 -0.434776 -0.013744 0.236492 -0.497387
-0.745245 0.212740 -0.488644 0.064886 0.283486 0.186446 -0.076101 -0.188308
0.453481 0.542895 0.618754 -0.260535 -0.197513 -0.026186 -0.090894 -0.030927
-0.474101 -0.377724 -0.152277 0.285391 0.150853 0.157755 0.283087 0.632570
0.307651 0.197676 0.014182 -0.036574 0.505283 -0.466038 -0.267558 0.566286
0.077045 -0.260853 0.533754 -0.387225 0.272484 -0.546156 -0.036531 -0.342530
