x	y	set
-9.99999999973245e-07	0	2
-9.98026728427082e-07	-6.27905195060841e-08	2
-9.92114701336977e-07	-1.25333233569336e-07	2
-9.82287250705927e-07	-1.87381314575852e-07	2
-9.68583161120584e-07	-2.48689887183406e-07	2
-9.51056516318438e-07	-3.09016994382016e-07	2
-9.29776485913969e-07	-3.6812455267432e-07	2
-9.04827052450319e-07	-4.25779291546302e-07	2
-8.76306680053229e-07	-4.81753674119734e-07	2
-8.44327925519917e-07	-5.35826794989536e-07	2
-8.09016994396394e-07	-5.87785252303963e-07	2
-7.70513242764892e-07	-6.37423989757746e-07	2
-7.28968627405902e-07	-6.84547105944677e-07	2
-6.84547105944677e-07	-7.28968627405902e-07	2
-6.37423989757746e-07	-7.70513242764892e-07	2
-5.87785252303963e-07	-8.09016994396394e-07	2
-5.35826794989536e-07	-8.44327925519917e-07	2
-4.81753674119734e-07	-8.76306680053229e-07	2
-4.25779291546302e-07	-9.04827052450319e-07	2
-3.6812455267432e-07	-9.29776485913969e-07	2
-3.09016994382016e-07	-9.51056516318438e-07	2
-2.48689887183406e-07	-9.68583161120584e-07	2
-1.87381314575852e-07	-9.82287250705927e-07	2
-1.25333233569336e-07	-9.92114701336977e-07	2
-6.27905195060841e-08	-9.98026728427082e-07	2
0	-9.99999999973245e-07	2
6.27905195060841e-08	-9.98026728427082e-07	2
1.25333233569336e-07	-9.92114701336977e-07	2
1.87381314575852e-07	-9.82287250705927e-07	2
2.48689887183406e-07	-9.68583161120584e-07	2
3.09016994382016e-07	-9.51056516318438e-07	2
3.6812455267432e-07	-9.29776485913969e-07	2
4.25779291546302e-07	-9.04827052450319e-07	2
4.81753674119734e-07	-8.76306680053229e-07	2
5.35826794989536e-07	-8.44327925519917e-07	2
5.87785252303963e-07	-8.09016994396394e-07	2
6.37423989757746e-07	-7.70513242764892e-07	2
6.84547105944677e-07	-7.28968627405902e-07	2
7.28968627405902e-07	-6.84547105944677e-07	2
7.70513242764892e-07	-6.37423989757746e-07	2
8.09016994396394e-07	-5.87785252303963e-07	2
8.44327925519917e-07	-5.35826794989536e-07	2
8.76306680053229e-07	-4.81753674119734e-07	2
9.04827052450319e-07	-4.25779291546302e-07	2
9.29776485913969e-07	-3.6812455267432e-07	2
9.51056516318438e-07	-3.09016994382016e-07	2
9.68583161120584e-07	-2.48689887183406e-07	2
9.82287250705927e-07	-1.87381314575852e-07	2
9.92114701336977e-07	-1.25333233569336e-07	2
9.98026728427082e-07	-6.27905195060841e-08	2
9.99999999973245e-07	0	2
9.98026728427082e-07	6.27905195060841e-08	2
9.92114701336977e-07	1.25333233569336e-07	2
9.82287250705927e-07	1.87381314575852e-07	2
9.68583161120584e-07	2.48689887183406e-07	2
9.51056516318438e-07	3.09016994382016e-07	2
9.29776485913969e-07	3.6812455267432e-07	2
9.04827052450319e-07	4.25779291546302e-07	2
8.76306680053229e-07	4.81753674119734e-07	2
8.44327925519917e-07	5.35826794989536e-07	2
8.09016994396394e-07	5.87785252303963e-07	2
7.70513242764892e-07	6.37423989757746e-07	2
7.28968627405902e-07	6.84547105944677e-07	2
6.84547105944677e-07	7.28968627405902e-07	2
6.37423989757746e-07	7.70513242764892e-07	2
5.87785252303963e-07	8.09016994396394e-07	2
5.35826794989536e-07	8.44327925519917e-07	2
4.81753674119734e-07	8.76306680053229e-07	2
4.25779291546302e-07	9.04827052450319e-07	2
3.6812455267432e-07	9.29776485913969e-07	2
3.09016994382016e-07	9.51056516318438e-07	2
2.48689887183406e-07	9.68583161120584e-07	2
1.87381314575852e-07	9.82287250705927e-07	2
1.25333233569336e-07	9.92114701336977e-07	2
6.27905195060841e-08	9.98026728427082e-07	2
0	9.99999999973245e-07	2
-6.27905195060841e-08	9.98026728427082e-07	2
-1.25333233569336e-07	9.92114701336977e-07	2
-1.87381314575852e-07	9.82287250705927e-07	2
-2.48689887183406e-07	9.68583161120584e-07	2
-3.09016994382016e-07	9.51056516318438e-07	2
-3.6812455267432e-07	9.29776485913969e-07	2
-4.25779291546302e-07	9.04827052450319e-07	2
-4.81753674119734e-07	8.76306680053229e-07	2
-5.35826794989536e-07	8.44327925519917e-07	2
-5.87785252303963e-07	8.09016994396394e-07	2
-6.37423989757746e-07	7.70513242764892e-07	2
-6.84547105944677e-07	7.28968627405902e-07	2
-7.28968627405902e-07	6.84547105944677e-07	2
-7.70513242764892e-07	6.37423989757746e-07	2
-8.09016994396394e-07	5.87785252303963e-07	2
-8.44327925519917e-07	5.35826794989536e-07	2
-8.76306680053229e-07	4.81753674119734e-07	2
-9.04827052450319e-07	4.25779291546302e-07	2
-9.29776485913969e-07	3.6812455267432e-07	2
-9.51056516318438e-07	3.09016994382016e-07	2
-9.68583161120584e-07	2.48689887183406e-07	2
-9.82287250705927e-07	1.87381314575852e-07	2
-9.92114701336977e-07	1.25333233569336e-07	2
-9.98026728427082e-07	6.27905195060841e-08	2
-0.150001	0	2
-0.149705007290969	-0.00941864071991655	2
-0.148818197311873	-0.0188001103678792	2
-0.147344069896554	-0.0281073845691733	2
-0.145288442752456	-0.0373037317646154	2
-0.142659428500789	-0.0463528581732365	2
-0.139467402659724	-0.0552190510272544	2
-0.135724962696955	-0.0638673195140524	2
-0.13144687831326	-0.0722635328689314	2
-0.126650033153228	-0.0803745550736445	2
-0.121353358173237	-0.0881683756291233	2
-0.115577756929611	-0.0956142358862932	2
-0.109346023081839	-0.102682750436409	2
-0.102682750436409	-0.109346023081839	2
-0.0956142358862932	-0.115577756929611	2
-0.0881683756291233	-0.121353358173237	2
0.121353358173237	0.0881683756291232	2
0.115577756929611	0.0956142358862932	2
0.109346023081839	0.102682750436409	2
0.102682750436409	0.109346023081839	2
0.0956142358862932	0.115577756929611	2
0.0881683756291233	0.121353358173236	2
0.0803745550736444	0.126650033153228	2
0.0722635328689314	0.13144687831326	2
0.0638673195140524	0.135724962696955	2
0.0552190510272544	0.139467402659724	2
0.0463528581732365	0.142659428500789	2
0.0373037317646153	0.145288442752456	2
0.0281073845691733	0.147344069896554	2
0.0188001103678793	0.148818197311873	2
0.00941864071991649	0.149705007290969	2
0	0.150001	2
-0.00941864071991644	0.149705007290969	2
-0.0188001103678792	0.148818197311873	2
-0.0281073845691732	0.147344069896554	2
-0.0373037317646154	0.145288442752456	2
-0.0463528581732365	0.142659428500789	2
-0.0552190510272543	0.139467402659724	2
-0.0638673195140523	0.135724962696955	2
-0.0722635328689314	0.13144687831326	2
-0.0803745550736445	0.126650033153228	2
-0.0881683756291232	0.121353358173237	2
-0.0956142358862931	0.115577756929611	2
-0.102682750436409	0.109346023081839	2
-0.109346023081839	0.102682750436409	2
-0.115577756929611	0.0956142358862932	2
-0.121353358173236	0.0881683756291233	2
-0.126650033153228	0.0803745550736445	2
-0.13144687831326	0.0722635328689315	2
-0.135724962696955	0.0638673195140525	2
-0.139467402659724	0.0552190510272544	2
-0.142659428500789	0.0463528581732365	2
-0.145288442752456	0.0373037317646155	2
-0.147344069896554	0.0281073845691733	2
-0.148818197311873	0.0188001103678793	2
-0.149705007290969	0.00941864071991649	2
-0.300001	0	2
-0.29940901655521	-0.0188372186493135	2
-0.297635402509045	-0.0376000954025248	2
-0.294687157505857	-0.056214581757032	2
-0.29057591692175	-0.0746072148393436	2
-0.285317905945062	-0.0927054073294786	2
-0.278933875542961	-0.110437733929956	2
-0.271449020566858	-0.127734213248813	2
-0.262892880319839	-0.144526583984189	2
-0.25329922197853	-0.160748574320494	2
-0.242705907329479	-0.176336163472994	2
-0.23115474334598	-0.191227834348597	2
-0.218691317195051	-0.205364816325713	2
-0.205364816325713	-0.218691317195051	2
0.218691317195051	0.205364816325712	2
0.205364816325713	0.218691317195051	2
0.191227834348597	0.23115474334598	2
0.176336163472994	0.242705907329479	2
-0.29940901655521	0.0188372186493135	2
-0.446452607706216	-0.0564000804371705	2
-0.442030245115161	-0.0843217789448906	2
-0.435863391091045	-0.111910697914072	2
-0.427976383389335	-0.139057956485721	2
-0.418400348426199	-0.165656416832658	2
-0.407173078436761	-0.191601106983574	2
-0.394338882326419	-0.216789635099446	2
-0.379948410803832	-0.241122593567344	2
-0.364058456485721	-0.264503951316865	2
-0.346731729762348	-0.2868414328109	2
-0.328036611308263	-0.308046882215016	2
-0.308046882215016	-0.328036611308263	2
-0.589373332724464	-0.112428976132749	2
-0.58115086526034	-0.1492141809888	2
-0.570634860833608	-0.185410505641963	2
-0.557866821309437	-0.220875099735359	2
-0.542897136306664	-0.255468000718335	2
-0.525784884332998	-0.289052686214703	2
-0.506597599629135	-0.321496612814193	2
-0.485411005641963	-0.352671739160736	2
-0.462308716178716	-0.382455031273204	2
-0.437381905421474	-0.410728948104319	2
-0.410728948104319	-0.437381905421474	2
-0.726438339429634	-0.186517664063528	2
-0.713293338277882	-0.231763054798205	2
-0.697333294192675	-0.276093782638061	2
-0.678621194176567	-0.319334894453096	2
-0.657230886339578	-0.361315737329961	2
-0.633246788454437	-0.401870632061043	2
-0.606763554798205	-0.440839527004607	2
-0.577885702595085	-0.478068629735507	2
-0.546727199534686	-0.513411013993622	2
-0.513411013993623	-0.546727199534686	2
-0.855951815722155	-0.278115603954447	2
-0.836799767075912	-0.331312465540763	2
-0.81434525204647	-0.383201788187857	2
-0.788676888346157	-0.433578788445218	2
-0.759895977279739	-0.482244651307892	2
-0.728116103954447	-0.529007314848478	2
-0.693462689011453	-0.57368222819781	2
-0.656072493647898	-0.616093079882926	2
-0.998610293166427	-0.324468153110689	2
-0.97626623995915	-0.386531148443464	2
-0.950069309916373	-0.447068681922618	2
-0.920122890352737	-0.505841839560475	2
-0.886545166105041	-0.562618670554741	2
-0.849468653110689	-0.617175102692349	2
-0.809039675427822	-0.669295826660114	2
-0.76541778776111	-0.718775145772229	2
-1.1412687706107	-0.370820702266931	2
-1.11573271284239	-0.441749831346166	2
-1.08579336778628	-0.510935575657379	2
-1.05156889235932	-0.578104890675732	2
-1.01319435493034	-0.642992689801591	2
-0.970821202266931	-0.70534289053622	2
-0.92461666184419	-0.764909425122417	2
-0.874763081874321	-0.821457211661532	2
-1.25519918572563	-0.496968514248868	2
-1.22151742565618	-0.57480246939214	2
-1.1830148943659	-0.65036794179099	2
-1.13984354375565	-0.72336670904844	2
-1.09217375142317	-0.793510678380091	2
-1.04019364826056	-0.860523023584721	2
-0.984108375987533	-0.924139277550835	2
-0.0203387811539313	0	2
-0.0202986472152766	-0.00127708263524834	2
-0.020178403789633	-0.00254912520877892	2
-0.0199785254228676	-0.00381110754969499	2
-0.0196998009435781	-0.00505804919024183	2
-0.0193433303499474	-0.00628502902143768	2
-0.0189105204685524	-0.00748720471444253	2
-0.018403079402263	-0.00865983183101793	2
-0.0178230097891402	-0.00979828254765713	2
-0.0171726008989382	-0.0108980639194902	2
-0.0164544195984033	-0.0119548356118849	2
-0.0156713002210227	-0.0129644270297643	2
-0.0148263333812058	-0.0139228537770406	2
-0.0139228537770406	-0.0148263333812058	2
-0.0129644270297643	-0.0156713002210227	2
-0.0119548356118849	-0.0164544195984033	2
-0.0108980639194902	-0.0171726008989383	2
-0.00979828254765713	-0.0178230097891402	2
-0.00865983183101793	-0.018403079402263	2
-0.00748720471444253	-0.0189105204685524	2
-0.00628502902143768	-0.0193433303499474	2
-0.00505804919024183	-0.0196998009435781	2
-0.00381110754969499	-0.0199785254228676	2
-0.00254912520877892	-0.020178403789633	2
-0.00127708263524834	-0.0202986472152766	2
0	-0.0203387811539313	2
0.00127708263524834	-0.0202986472152766	2
0.00254912520877892	-0.020178403789633	2
0.00381110754969499	-0.0199785254228676	2
0.00505804919024183	-0.0196998009435781	2
0.00628502902143768	-0.0193433303499474	2
0.00748720471444247	-0.0189105204685524	2
0.00865983183101793	-0.018403079402263	2
0.00979828254765713	-0.0178230097891402	2
0.0108980639194902	-0.0171726008989382	2
0.0119548356118849	-0.0164544195984033	2
0.0129644270297643	-0.0156713002210227	2
0.0139228537770406	-0.0148263333812058	2
0.0148263333812058	-0.0139228537770406	2
0.0156713002210227	-0.0129644270297644	2
0.0164544195984033	-0.0119548356118849	2
0.0171726008989382	-0.0108980639194902	2
0.0178230097891402	-0.00979828254765713	2
0.018403079402263	-0.00865983183101793	2
0.0189105204685524	-0.00748720471444253	2
0.0193433303499474	-0.00628502902143768	2
0.0196998009435781	-0.00505804919024183	2
0.0199785254228676	-0.00381110754969499	2
0.020178403789633	-0.00254912520877892	2
0.0202986472152766	-0.00127708263524834	2
0.0203387811539313	0	2
0.0202986472152766	0.00127708263524834	2
0.020178403789633	0.00254912520877892	2
0.0199785254228676	0.00381110754969499	2
0.0196998009435781	0.00505804919024183	2
0.0193433303499474	0.00628502902143768	2
0.0189105204685524	0.00748720471444253	2
0.018403079402263	0.00865983183101787	2
0.0178230097891402	0.00979828254765713	2
0.0171726008989383	0.0108980639194902	2
0.0164544195984033	0.0119548356118849	2
0.0156713002210227	0.0129644270297643	2
0.0148263333812058	0.0139228537770406	2
0.0139228537770406	0.0148263333812058	2
0.0129644270297643	0.0156713002210227	2
0.0119548356118849	0.0164544195984033	2
0.0108980639194902	0.0171726008989383	2
0.00979828254765713	0.0178230097891402	2
0.00865983183101787	0.018403079402263	2
0.00748720471444253	0.0189105204685524	2
0.00628502902143768	0.0193433303499474	2
0.00505804919024183	0.0196998009435782	2
0.00381110754969499	0.0199785254228676	2
0.00254912520877892	0.020178403789633	2
0.00127708263524834	0.0202986472152766	2
0	0.0203387811539313	2
-0.00127708263524834	0.0202986472152766	2
-0.00254912520877892	0.020178403789633	2
-0.00381110754969499	0.0199785254228676	2
-0.00505804919024183	0.0196998009435781	2
-0.00628502902143768	0.0193433303499474	2
-0.00748720471444247	0.0189105204685524	2
-0.00865983183101787	0.018403079402263	2
-0.00979828254765713	0.0178230097891402	2
-0.0108980639194902	0.0171726008989382	2
-0.0119548356118849	0.0164544195984033	2
-0.0129644270297643	0.0156713002210227	2
-0.0139228537770406	0.0148263333812058	2
-0.0148263333812058	0.0139228537770406	2
-0.0156713002210227	0.0129644270297643	2
-0.0164544195984033	0.0119548356118849	2
-0.0171726008989382	0.0108980639194902	2
-0.0178230097891402	0.00979828254765713	2
-0.018403079402263	0.00865983183101793	2
-0.0189105204685524	0.00748720471444253	2
-0.0193433303499474	0.00628502902143768	2
-0.0196998009435781	0.00505804919024183	2
-0.0199785254228676	0.00381110754969499	2
-0.020178403789633	0.00254912520877892	2
-0.0202986472152766	0.00127708263524834	2
-0.0133043909664442	0	2
-0.0132781377899709	-0.00083538962080415	2
-0.0131994818698448	-0.00166748234042818	2
-0.0130687336250481	-0.00249299426905475	2
-0.0128864090591697	-0.0033086674882421	2
-0.0126532277239751	-0.00411128290843982	2
-0.0123701098796639	-0.00489767297326432	2
-0.0120381728630233	-0.00566473416039737	2
-0.0116587266778103	-0.00640943922977016	2
-0.0112332688247656	-0.00712884917069734	2
-0.0107634783916619	-0.00782012480080913	2
-0.0102512094267119	-0.00848053797100728	2
-0.00969848362148668	-0.00910748233222319	2
-0.00910748233222319	-0.00969848362148668	2
-0.00848053797100728	-0.0102512094267118	2
-0.00782012480080913	-0.0107634783916619	2
-0.00712884917069734	-0.0112332688247656	2
-0.00640943922977016	-0.0116587266778103	2
-0.00566473416039737	-0.0120381728630233	2
-0.00489767297326432	-0.0123701098796639	2
-0.00411128290843982	-0.0126532277239751	2
-0.0033086674882421	-0.0128864090591697	2
-0.00249299426905475	-0.0130687336250481	2
-0.00166748234042818	-0.0131994818698448	2
-0.00083538962080415	-0.0132781377899709	2
0	-0.0133043909664442	2
0.00083538962080415	-0.0132781377899709	2
0.00166748234042818	-0.0131994818698448	2
0.00249299426905475	-0.0130687336250481	2
0.0033086674882421	-0.0128864090591697	2
0.00411128290843976	-0.0126532277239751	2
0.00489767297326432	-0.0123701098796639	2
0.00566473416039737	-0.0120381728630233	2
0.00640943922977016	-0.0116587266778103	2
0.00712884917069734	-0.0112332688247656	2
0.00782012480080913	-0.0107634783916619	2
0.00848053797100728	-0.0102512094267118	2
0.00910748233222319	-0.00969848362148668	2
0.00969848362148668	-0.00910748233222319	2
0.0102512094267118	-0.00848053797100728	2
0.0107634783916619	-0.00782012480080913	2
0.0112332688247656	-0.00712884917069734	2
0.0116587266778103	-0.00640943922977016	2
0.0120381728630232	-0.00566473416039737	2
0.0123701098796639	-0.00489767297326432	2
0.0126532277239751	-0.00411128290843982	2
0.0128864090591697	-0.00330866748824216	2
0.0130687336250481	-0.00249299426905475	2
0.0131994818698448	-0.00166748234042818	2
0.0132781377899709	-0.00083538962080415	2
0.0133043909664442	0	2
0.0132781377899709	0.00083538962080415	2
0.0131994818698448	0.00166748234042818	2
0.0130687336250481	0.00249299426905475	2
0.0128864090591697	0.0033086674882421	2
0.0126532277239751	0.00411128290843982	2
0.0123701098796639	0.00489767297326432	2
0.0120381728630233	0.00566473416039737	2
0.0116587266778103	0.00640943922977016	2
0.0112332688247656	0.00712884917069734	2
0.0107634783916619	0.00782012480080913	2
0.0102512094267119	0.00848053797100728	2
0.00969848362148668	0.00910748233222319	2
0.00910748233222319	0.00969848362148668	2
0.00848053797100728	0.0102512094267119	2
0.00782012480080913	0.0107634783916619	2
0.00712884917069734	0.0112332688247656	2
0.00640943922977016	0.0116587266778103	2
0.00566473416039737	0.0120381728630233	2
0.00489767297326432	0.0123701098796639	2
0.00411128290843982	0.0126532277239751	2
0.0033086674882421	0.0128864090591697	2
0.00249299426905475	0.0130687336250481	2
0.00166748234042818	0.0131994818698448	2
0.00083538962080415	0.0132781377899709	2
0	0.0133043909664442	2
-0.00083538962080415	0.0132781377899709	2
-0.00166748234042818	0.0131994818698448	2
-0.00249299426905475	0.0130687336250481	2
-0.0033086674882421	0.0128864090591697	2
-0.00411128290843976	0.0126532277239751	2
-0.00489767297326432	0.0123701098796639	2
-0.00566473416039737	0.0120381728630233	2
-0.00640943922977016	0.0116587266778103	2
-0.00712884917069734	0.0112332688247656	2
-0.00782012480080913	0.0107634783916619	2
-0.00848053797100728	0.0102512094267119	2
-0.00910748233222314	0.00969848362148668	2
-0.00969848362148668	0.00910748233222319	2
-0.0102512094267119	0.00848053797100728	2
-0.0107634783916619	0.00782012480080913	2
-0.0112332688247656	0.00712884917069734	2
-0.0116587266778103	0.00640943922977016	2
-0.0120381728630232	0.00566473416039737	2
-0.0123701098796639	0.00489767297326432	2
-0.0126532277239751	0.00411128290843982	2
-0.0128864090591697	0.00330866748824216	2
-0.0130687336250481	0.00249299426905475	2
-0.0131994818698448	0.00166748234042818	2
-0.0132781377899709	0.00083538962080415	2
-0.00885595572946479	0	2
-0.00883848052378339	-0.00055607006118169	2
-0.00878612387339223	-0.00110994556787614	2
-0.00869909240607097	-0.00165944062650009	2
-0.00857772959526026	-0.00220238663109756	2
-0.0084225144045289	-0.00273664082183683	2
-0.00823405939732375	-0.00326009474150457	2
-0.00801310831946123	-0.00377068255662316	2
-0.00776053316390274	-0.00426638921035183	2
-0.00747733072939671	-0.00474525837499501	2
-0.0071646186865692	-0.00520540017273446	2
-0.00682363116698875	-0.00564499863411322	2
-0.00645571389261274	-0.00606231886483771	2
-0.00606231886483771	-0.00645571389261274	2
-0.00564499863411322	-0.00682363116698875	2
-0.00520540017273446	-0.0071646186865692	2
-0.00474525837499501	-0.00747733072939671	2
-0.00426638921035183	-0.00776053316390274	2
-0.00377068255662316	-0.00801310831946123	2
-0.00326009474150457	-0.00823405939732375	2
-0.00273664082183683	-0.0084225144045289	2
-0.00220238663109756	-0.00857772959526026	2
-0.00165944062650009	-0.00869909240607097	2
-0.00110994556787614	-0.00878612387339223	2
-0.00055607006118169	-0.00883848052378339	2
0	-0.00885595572946479	2
0.00055607006118169	-0.00883848052378339	2
0.00110994556787614	-0.00878612387339223	2
0.00165944062650009	-0.00869909240607097	2
0.00220238663109756	-0.00857772959526026	2
0.00273664082183683	-0.0084225144045289	2
0.00326009474150457	-0.00823405939732375	2
0.00377068255662316	-0.00801310831946123	2
0.00426638921035183	-0.00776053316390274	2
0.00474525837499501	-0.00747733072939671	2
0.00520540017273446	-0.0071646186865692	2
0.00564499863411322	-0.00682363116698875	2
0.00606231886483771	-0.00645571389261274	2
0.00645571389261274	-0.00606231886483771	2
0.00682363116698875	-0.00564499863411322	2
0.0071646186865692	-0.00520540017273446	2
0.00747733072939671	-0.00474525837499501	2
0.00776053316390274	-0.00426638921035183	2
0.00801310831946123	-0.00377068255662316	2
0.00823405939732375	-0.00326009474150457	2
0.0084225144045289	-0.00273664082183683	2
0.00857772959526026	-0.00220238663109756	2
0.00869909240607097	-0.00165944062650009	2
0.00878612387339223	-0.00110994556787614	2
0.00883848052378339	-0.00055607006118169	2
0.00885595572946479	0	2
0.00883848052378339	0.00055607006118169	2
0.00878612387339223	0.00110994556787614	2
0.00869909240607097	0.00165944062650009	2
0.00857772959526026	0.00220238663109756	2
0.0084225144045289	0.00273664082183683	2
0.00823405939732375	0.00326009474150457	2
0.00801310831946123	0.00377068255662316	2
0.00776053316390274	0.00426638921035183	2
0.00747733072939671	0.00474525837499501	2
0.0071646186865692	0.00520540017273446	2
0.00682363116698875	0.00564499863411322	2
0.00645571389261274	0.00606231886483771	2
0.00606231886483771	0.00645571389261274	2
0.00564499863411322	0.00682363116698875	2
0.00520540017273446	0.0071646186865692	2
0.00474525837499501	0.00747733072939671	2
0.00426638921035183	0.00776053316390274	2
0.00377068255662316	0.00801310831946123	2
0.00326009474150457	0.00823405939732375	2
0.00273664082183683	0.0084225144045289	2
0.00220238663109756	0.00857772959526026	2
0.00165944062650009	0.00869909240607097	2
0.00110994556787614	0.00878612387339223	2
0.00055607006118169	0.00883848052378339	2
0	0.00885595572946479	2
-0.00055607006118169	0.00883848052378339	2
-0.00110994556787614	0.00878612387339223	2
-0.00165944062650009	0.00869909240607097	2
-0.00220238663109756	0.00857772959526026	2
-0.00273664082183683	0.0084225144045289	2
-0.00326009474150452	0.00823405939732375	2
-0.00377068255662316	0.00801310831946123	2
-0.00426638921035183	0.00776053316390274	2
-0.00474525837499501	0.00747733072939671	2
-0.00520540017273446	0.0071646186865692	2
-0.00564499863411322	0.00682363116698875	2
-0.00606231886483771	0.00645571389261274	2
-0.00645571389261274	0.00606231886483771	2
-0.00682363116698875	0.00564499863411322	2
-0.0071646186865692	0.00520540017273446	2
-0.00747733072939671	0.00474525837499501	2
-0.00776053316390274	0.00426638921035183	2
-0.00801310831946123	0.00377068255662316	2
-0.00823405939732375	0.00326009474150457	2
-0.0084225144045289	0.00273664082183683	2
-0.00857772959526026	0.00220238663109756	2
-0.00869909240607097	0.00165944062650009	2
-0.00878612387339223	0.00110994556787614	2
-0.00883848052378339	0.00055607006118169	2
-0.00574652793765473	0	2
-0.0057351884774392	-0.000360827474695069	2
-0.00570121484846159	-0.000720230928193899	2
-0.00564474112911445	-0.00107679195926136	2
-0.00556599019536758	-0.00142910338440505	2
-0.00546527284117865	-0.00177577479138574	2
-0.00534298655193127	-0.00211543802653913	2
-0.00519961393574175	-0.00244675259425353	2
-0.00503572081882553	-0.0027684109472933	2
-0.00485195401243937	-0.00307914364709078	2
-0.00464903876021311	-0.00337772437364015	2
-0.00442777587594401	-0.0036629747652222	2
-0.00418903858315095	-0.00393376906885989	2
-0.00393376906885989	-0.00418903858315095	2
-0.0036629747652222	-0.00442777587594401	2
-0.00337772437364015	-0.00464903876021311	2
-0.00307914364709078	-0.00485195401243937	2
-0.0027684109472933	-0.00503572081882553	2
-0.00244675259425353	-0.00519961393574175	2
-0.00211543802653913	-0.00534298655193127	2
-0.00177577479138574	-0.00546527284117865	2
-0.00142910338440505	-0.00556599019536758	2
-0.00107679195926136	-0.00564474112911445	2
-0.000720230928193899	-0.00570121484846159	2
-0.000360827474695069	-0.0057351884774392	2
0	-0.00574652793765473	2
0.000360827474695069	-0.0057351884774392	2
0.000720230928193899	-0.00570121484846159	2
0.00107679195926136	-0.00564474112911445	2
0.00142910338440505	-0.00556599019536758	2
0.00177577479138574	-0.00546527284117865	2
0.00211543802653913	-0.00534298655193127	2
0.00244675259425353	-0.00519961393574175	2
0.0027684109472933	-0.00503572081882553	2
0.00307914364709078	-0.00485195401243937	2
0.00337772437364015	-0.00464903876021311	2
0.0036629747652222	-0.00442777587594401	2
0.00393376906885989	-0.00418903858315095	2
0.00418903858315095	-0.00393376906885989	2
0.00442777587594401	-0.0036629747652222	2
0.00464903876021311	-0.00337772437364015	2
0.00485195401243937	-0.00307914364709078	2
0.00503572081882553	-0.0027684109472933	2
0.00519961393574175	-0.00244675259425353	2
0.00534298655193127	-0.00211543802653913	2
0.00546527284117865	-0.00177577479138574	2
0.00556599019536758	-0.00142910338440505	2
0.00564474112911445	-0.00107679195926136	2
0.00570121484846159	-0.000720230928193899	2
0.0057351884774392	-0.000360827474695069	2
0.00574652793765473	0	2
0.0057351884774392	0.000360827474695069	2
0.00570121484846159	0.000720230928193899	2
0.00564474112911445	0.00107679195926136	2
0.00556599019536758	0.00142910338440505	2
0.00546527284117865	0.00177577479138574	2
0.00534298655193127	0.00211543802653913	2
0.00519961393574175	0.00244675259425353	2
0.00503572081882553	0.0027684109472933	2
0.00485195401243937	0.00307914364709078	2
0.00464903876021311	0.00337772437364015	2
0.00442777587594401	0.0036629747652222	2
0.00418903858315095	0.00393376906885989	2
0.00393376906885989	0.00418903858315095	2
0.0036629747652222	0.00442777587594401	2
0.00337772437364015	0.00464903876021311	2
0.00307914364709078	0.00485195401243937	2
0.0027684109472933	0.00503572081882553	2
0.00244675259425353	0.00519961393574175	2
0.00211543802653913	0.00534298655193127	2
0.00177577479138574	0.00546527284117865	2
0.00142910338440505	0.00556599019536758	2
0.00107679195926136	0.00564474112911445	2
0.000720230928193899	0.00570121484846159	2
0.000360827474695069	0.0057351884774392	2
0	0.00574652793765473	2
-0.000360827474695069	0.0057351884774392	2
-0.000720230928193899	0.00570121484846159	2
-0.00107679195926136	0.00564474112911445	2
-0.00142910338440505	0.00556599019536758	2
-0.00177577479138574	0.00546527284117865	2
-0.00211543802653913	0.00534298655193127	2
-0.00244675259425353	0.00519961393574175	2
-0.0027684109472933	0.00503572081882553	2
-0.00307914364709078	0.00485195401243937	2
-0.00337772437364015	0.00464903876021311	2
-0.0036629747652222	0.00442777587594401	2
-0.00393376906885989	0.00418903858315095	2
-0.00418903858315095	0.00393376906885989	2
-0.00442777587594401	0.0036629747652222	2
-0.00464903876021311	0.00337772437364015	2
-0.00485195401243937	0.00307914364709078	2
-0.00503572081882553	0.0027684109472933	2
-0.00519961393574175	0.00244675259425353	2
-0.00534298655193127	0.00211543802653913	2
-0.00546527284117865	0.00177577479138574	2
-0.00556599019536758	0.00142910338440505	2
-0.00564474112911445	0.00107679195926136	2
-0.00570121484846159	0.000720230928193899	2
-0.0057351884774392	0.000360827474695069	2
-0.00339314900930376	0	2
-0.00338645340482507	-0.000213057589134535	2
-0.00336639301588093	-0.000425274337301551	2
-0.00333304701166182	-0.00063581272194857	2
-0.00328654699361197	-0.000843841844257287	2
-0.0032270764760588	-0.00104854070832139	2
-0.00315487016196569	-0.00124910146124241	2
-0.00307021301666632	-0.00144473258135608	2
-0.00297343914323711	-0.00163466200200668	2
-0.0028649304639447	-0.00181814015854143	2
-0.00274511521297327	-0.00199444294649959	2
-0.00261446624638012	-0.00216287457932224	2
-0.00247349917594852	-0.00232277033430373	2
-0.00232277033430373	-0.00247349917594852	2
-0.00216287457932224	-0.00261446624638012	2
-0.00199444294649959	-0.00274511521297327	2
-0.00181814015854143	-0.0028649304639447	2
-0.00163466200200668	-0.00297343914323711	2
-0.00144473258135608	-0.00307021301666632	2
-0.00124910146124241	-0.00315487016196569	2
-0.00104854070832139	-0.0032270764760588	2
-0.000843841844257287	-0.00328654699361197	2
-0.00063581272194857	-0.00333304701166182	2
-0.000425274337301551	-0.00336639301588093	2
-0.000213057589134535	-0.00338645340482507	2
0	-0.00339314900930382	2
0.000213057589134535	-0.00338645340482507	2
0.000425274337301551	-0.00336639301588093	2
0.00063581272194857	-0.00333304701166182	2
0.000843841844257287	-0.00328654699361197	2
0.00104854070832139	-0.0032270764760588	2
0.00124910146124241	-0.00315487016196569	2
0.00144473258135608	-0.00307021301666632	2
0.00163466200200668	-0.00297343914323711	2
0.00181814015854143	-0.0028649304639447	2
0.00199444294649959	-0.00274511521297327	2
0.00216287457932224	-0.00261446624638012	2
0.00232277033430373	-0.00247349917594852	2
0.00247349917594852	-0.00232277033430373	2
0.00261446624638012	-0.00216287457932224	2
0.00274511521297327	-0.00199444294649959	2
0.0028649304639447	-0.00181814015854143	2
0.00297343914323711	-0.00163466200200668	2
0.00307021301666632	-0.00144473258135608	2
0.00315487016196569	-0.00124910146124241	2
0.0032270764760588	-0.00104854070832139	2
0.00328654699361197	-0.000843841844257287	2
0.00333304701166182	-0.00063581272194857	2
0.00336639301588093	-0.000425274337301551	2
0.00338645340482507	-0.000213057589134535	2
0.00339314900930376	0	2
0.00338645340482507	0.000213057589134535	2
0.00336639301588093	0.000425274337301551	2
0.00333304701166182	0.00063581272194857	2
0.00328654699361197	0.000843841844257287	2
0.0032270764760588	0.00104854070832139	2
0.00315487016196569	0.00124910146124241	2
0.00307021301666632	0.00144473258135608	2
0.00297343914323711	0.00163466200200668	2
0.0028649304639447	0.00181814015854143	2
0.00274511521297327	0.00199444294649959	2
0.00261446624638012	0.00216287457932224	2
0.00247349917594852	0.00232277033430373	2
0.00232277033430373	0.00247349917594852	2
0.00216287457932224	0.00261446624638012	2
0.00199444294649959	0.00274511521297327	2
0.00181814015854143	0.0028649304639447	2
0.00163466200200668	0.00297343914323711	2
0.00144473258135608	0.00307021301666632	2
0.00124910146124241	0.00315487016196569	2
0.00104854070832139	0.0032270764760588	2
0.000843841844257287	0.00328654699361197	2
0.00063581272194857	0.00333304701166182	2
0.000425274337301551	0.00336639301588093	2
0.000213057589134535	0.00338645340482507	2
0	0.00339314900930382	2
-0.000213057589134535	0.00338645340482507	2
-0.000425274337301551	0.00336639301588093	2
-0.00063581272194857	0.00333304701166182	2
-0.000843841844257287	0.00328654699361197	2
-0.00104854070832139	0.0032270764760588	2
-0.00124910146124241	0.00315487016196569	2
-0.00144473258135608	0.00307021301666632	2
-0.00163466200200668	0.00297343914323711	2
-0.00181814015854143	0.0028649304639447	2
-0.00199444294649959	0.00274511521297327	2
-0.00216287457932224	0.00261446624638012	2
-0.00232277033430373	0.00247349917594852	2
-0.00247349917594852	0.00232277033430373	2
-0.00261446624638012	0.00216287457932224	2
-0.00274511521297327	0.00199444294649959	2
-0.0028649304639447	0.00181814015854143	2
-0.00297343914323711	0.00163466200200668	2
-0.00307021301666632	0.00144473258135608	2
-0.00315487016196569	0.00124910146124241	2
-0.0032270764760588	0.00104854070832139	2
-0.00328654699361197	0.000843841844257287	2
-0.00333304701166182	0.00063581272194857	2
-0.00336639301588093	0.000425274337301551	2
-0.00338645340482507	0.000213057589134535	2
-0.0018815017879667	0	2
-0.00187778907397634	-0.000118140474761774	2
-0.00186666558439125	-0.000235814703042903	2
-0.00184817521854291	-0.000352558278424564	2
-0.00182239094945796	-0.000467910467349897	2
-0.00178941453586673	-0.000581416027428561	2
-0.00174937612060816	-0.000692627004070689	2
-0.00170243371701545	-0.000801104498358851	2
-0.00164877258530971	-0.000906420399181929	2
-0.00158860450146225	-0.00100815907279345	2
-0.00152216692141188	-0.00110591900312873	2
-0.00144972204393468	-0.00119931437640503	2
-0.00137155577586501	-0.00128797660375224	2
-0.00128797660375224	-0.00137155577586501	2
-0.00119931437640503	-0.00144972204393468	2
-0.00110591900312873	-0.00152216692141188	2
-0.00100815907279345	-0.00158860450146225	2
-0.000906420399181929	-0.00164877258530971	2
-0.000801104498358907	-0.00170243371701545	2
-0.000692627004070689	-0.00174937612060816	2
-0.000581416027428561	-0.00178941453586673	2
-0.000467910467349897	-0.00182239094945796	2
-0.000352558278424564	-0.00184817521854291	2
-0.000235814703042903	-0.00186666558439125	2
-0.000118140474761774	-0.00187778907397634	2
0	-0.0018815017879667	2
0.000118140474761774	-0.00187778907397634	2
0.000235814703042903	-0.00186666558439125	2
0.000352558278424564	-0.00184817521854291	2
0.000467910467349897	-0.00182239094945796	2
0.000581416027428561	-0.00178941453586673	2
0.000692627004070689	-0.00174937612060816	2
0.000801104498358907	-0.00170243371701545	2
0.000906420399181929	-0.00164877258530971	2
0.00100815907279345	-0.00158860450146225	2
0.00110591900312873	-0.00152216692141188	2
0.00119931437640503	-0.00144972204393468	2
0.00128797660375224	-0.00137155577586501	2
0.00137155577586501	-0.00128797660375224	2
0.00144972204393468	-0.00119931437640503	2
0.00152216692141188	-0.00110591900312873	2
0.00158860450146225	-0.00100815907279345	2
0.00164877258530971	-0.000906420399181929	2
0.00170243371701545	-0.000801104498358907	2
0.00174937612060816	-0.000692627004070689	2
0.00178941453586673	-0.000581416027428561	2
0.00182239094945796	-0.000467910467349897	2
0.00184817521854291	-0.000352558278424564	2
0.00186666558439125	-0.000235814703042903	2
0.00187778907397634	-0.000118140474761774	2
0.0018815017879667	0	2
0.00187778907397634	0.000118140474761774	2
0.00186666558439125	0.000235814703042903	2
0.00184817521854291	0.000352558278424564	2
0.00182239094945796	0.000467910467349897	2
0.00178941453586673	0.000581416027428561	2
0.00174937612060816	0.000692627004070689	2
0.00170243371701545	0.000801104498358851	2
0.00164877258530971	0.000906420399181929	2
0.00158860450146225	0.00100815907279345	2
0.00152216692141188	0.00110591900312873	2
0.00144972204393468	0.00119931437640503	2
0.00137155577586501	0.00128797660375224	2
0.00128797660375224	0.00137155577586501	2
0.00119931437640503	0.00144972204393468	2
0.00110591900312873	0.00152216692141188	2
0.00100815907279345	0.00158860450146225	2
0.000906420399181929	0.00164877258530971	2
0.000801104498358851	0.00170243371701545	2
0.000692627004070689	0.00174937612060816	2
0.000581416027428561	0.00178941453586673	2
0.000467910467349897	0.00182239094945796	2
0.000352558278424564	0.00184817521854291	2
0.000235814703042903	0.00186666558439125	2
0.000118140474761774	0.00187778907397634	2
0	0.0018815017879667	2
-0.000118140474761774	0.00187778907397634	2
-0.000235814703042903	0.00186666558439125	2
-0.000352558278424564	0.00184817521854291	2
-0.000467910467349897	0.00182239094945796	2
-0.000581416027428561	0.00178941453586673	2
-0.000692627004070689	0.00174937612060816	2
-0.000801104498358851	0.00170243371701545	2
-0.000906420399181929	0.00164877258530971	2
-0.00100815907279345	0.00158860450146225	2
-0.00110591900312873	0.00152216692141188	2
-0.00119931437640503	0.00144972204393468	2
-0.00128797660375224	0.00137155577586501	2
-0.00137155577586501	0.00128797660375224	2
-0.00144972204393468	0.00119931437640503	2
-0.00152216692141188	0.00110591900312873	2
-0.00158860450146225	0.00100815907279345	2
-0.00164877258530971	0.000906420399181929	2
-0.00170243371701545	0.000801104498358907	2
-0.00174937612060816	0.000692627004070689	2
-0.00178941453586673	0.000581416027428561	2
-0.00182239094945796	0.000467910467349897	2
-0.00184817521854291	0.000352558278424564	2
-0.00186666558439125	0.000235814703042903	2
-0.00187778907397634	0.000118140474761774	2
-0.000996511080302298	0	2
-0.000994544693316612	-6.25714484489004e-05	2
-0.000988653292790687	-0.000124895955976922	2
-0.000978860129390802	-0.000186727556226285	2
-0.0009652038522589	-0.000247822228118921	2
-0.00094773835648182	-0.000307938858896351	2
-0.000926532570392158	-0.000366840195681617	2
-0.000901670183539649	-0.000424293781807861	2
-0.000873249316406643	-0.000480072874218695	2
-0.00084138213317142	-0.000533957338319457	2
-0.0008061943990475	-0.000585734516747705	2
-0.000767824983945731	-0.000635200068635045	2
-0.000726425314418189	-0.000682158776046826	2
-0.000682158776046826	-0.000726425314418189	2
-0.000635200068635045	-0.000767824983945731	2
-0.000585734516747705	-0.0008061943990475	2
-0.000533957338319457	-0.00084138213317142	2
-0.000480072874218695	-0.000873249316406643	2
-0.000424293781807861	-0.000901670183539649	2
-0.000366840195681617	-0.000926532570392158	2
-0.000307938858896351	-0.00094773835648182	2
-0.000247822228118921	-0.0009652038522589	2
-0.000186727556226285	-0.000978860129390802	2
-0.000124895955976922	-0.000988653292790687	2
-6.25714484489004e-05	-0.000994544693316612	2
0	-0.000996511080302298	2
6.25714484489004e-05	-0.000994544693316612	2
0.000124895955976922	-0.000988653292790687	2
0.000186727556226285	-0.000978860129390802	2
0.000247822228118921	-0.0009652038522589	2
0.000307938858896351	-0.00094773835648182	2
0.000366840195681617	-0.000926532570392158	2
0.000424293781807861	-0.000901670183539649	2
0.000480072874218695	-0.000873249316406643	2
0.000533957338319457	-0.00084138213317142	2
0.000585734516747705	-0.0008061943990475	2
0.000635200068635045	-0.000767824983945731	2
0.000682158776046826	-0.000726425314418189	2
0.000726425314418189	-0.000682158776046826	2
0.000767824983945731	-0.000635200068635045	2
0.0008061943990475	-0.000585734516747705	2
0.00084138213317142	-0.000533957338319457	2
0.000873249316406643	-0.000480072874218695	2
0.000901670183539649	-0.000424293781807861	2
0.000926532570392158	-0.000366840195681617	2
0.00094773835648182	-0.000307938858896351	2
0.0009652038522589	-0.000247822228118921	2
0.000978860129390802	-0.000186727556226285	2
0.000988653292790687	-0.000124895955976922	2
0.000994544693316612	-6.25714484489004e-05	2
0.000996511080302298	0	2
0.000994544693316612	6.25714484489004e-05	2
0.000988653292790687	0.000124895955976922	2
0.000978860129390802	0.000186727556226285	2
0.0009652038522589	0.000247822228118921	2
0.00094773835648182	0.000307938858896351	2
0.000926532570392158	0.000366840195681617	2
0.000901670183539649	0.000424293781807861	2
0.000873249316406643	0.000480072874218695	2
0.00084138213317142	0.000533957338319457	2
0.0008061943990475	0.000585734516747705	2
0.000767824983945731	0.000635200068635045	2
0.000726425314418189	0.000682158776046826	2
0.000682158776046826	0.000726425314418189	2
0.000635200068635045	0.000767824983945731	2
0.000585734516747705	0.0008061943990475	2
0.000533957338319457	0.00084138213317142	2
0.000480072874218695	0.000873249316406643	2
0.000424293781807861	0.000901670183539649	2
0.000366840195681617	0.000926532570392158	2
0.000307938858896351	0.00094773835648182	2
0.000247822228118921	0.0009652038522589	2
0.000186727556226285	0.000978860129390802	2
0.000124895955976922	0.000988653292790687	2
6.25714484489004e-05	0.000994544693316612	2
0	0.000996511080302298	2
-6.25714484489004e-05	0.000994544693316612	2
-0.000124895955976922	0.000988653292790687	2
-0.000186727556226285	0.000978860129390802	2
-0.000247822228118921	0.0009652038522589	2
-0.000307938858896351	0.00094773835648182	2
-0.000366840195681617	0.000926532570392158	2
-0.000424293781807861	0.000901670183539649	2
-0.000480072874218695	0.000873249316406643	2
-0.000533957338319457	0.00084138213317142	2
-0.000585734516747705	0.0008061943990475	2
-0.000635200068635045	0.000767824983945731	2
-0.000682158776046826	0.000726425314418189	2
-0.000726425314418189	0.000682158776046826	2
-0.000767824983945731	0.000635200068635045	2
-0.0008061943990475	0.000585734516747705	2
-0.00084138213317142	0.000533957338319457	2
-0.000873249316406643	0.000480072874218695	2
-0.000901670183539649	0.000424293781807861	2
-0.000926532570392158	0.000366840195681617	2
-0.00094773835648182	0.000307938858896351	2
-0.0009652038522589	0.000247822228118921	2
-0.000978860129390802	0.000186727556226285	2
-0.000988653292790687	0.000124895955976922	2
-0.000994544693316612	6.25714484489004e-05	2
