x	y	set
-9.99999999973245e-07	0	2
-9.98026728427082e-07	-6.27905195060841e-08	2
-9.92114701336977e-07	-1.25333233569336e-07	2
-9.82287250705927e-07	-1.87381314575852e-07	2
-9.68583161120584e-07	-2.48689887183406e-07	2
-9.51056516318438e-07	-3.09016994382016e-07	2
-9.29776485913969e-07	-3.6812455267432e-07	2
-9.04827052450319e-07	-4.25779291546302e-07	2
-8.76306680053229e-07	-4.81753674119734e-07	2
-8.44327925519917e-07	-5.35826794989536e-07	2
-8.09016994396394e-07	-5.87785252303963e-07	2
-7.70513242764892e-07	-6.37423989757746e-07	2
-7.28968627405902e-07	-6.84547105944677e-07	2
-6.84547105944677e-07	-7.28968627405902e-07	2
-6.37423989757746e-07	-7.70513242764892e-07	2
-5.87785252303963e-07	-8.09016994396394e-07	2
-5.35826794989536e-07	-8.44327925519917e-07	2
-4.81753674119734e-07	-8.76306680053229e-07	2
-4.25779291546302e-07	-9.04827052450319e-07	2
-3.6812455267432e-07	-9.29776485913969e-07	2
-3.09016994382016e-07	-9.51056516318438e-07	2
-2.48689887183406e-07	-9.68583161120584e-07	2
-1.87381314575852e-07	-9.82287250705927e-07	2
-1.25333233569336e-07	-9.92114701336977e-07	2
-6.27905195060841e-08	-9.98026728427082e-07	2
0	-9.99999999973245e-07	2
6.27905195060841e-08	-9.98026728427082e-07	2
1.25333233569336e-07	-9.92114701336977e-07	2
1.87381314575852e-07	-9.82287250705927e-07	2
2.48689887183406e-07	-9.68583161120584e-07	2
3.09016994382016e-07	-9.51056516318438e-07	2
3.6812455267432e-07	-9.29776485913969e-07	2
4.25779291546302e-07	-9.04827052450319e-07	2
4.81753674119734e-07	-8.76306680053229e-07	2
5.35826794989536e-07	-8.44327925519917e-07	2
5.87785252303963e-07	-8.09016994396394e-07	2
6.37423989757746e-07	-7.70513242764892e-07	2
6.84547105944677e-07	-7.28968627405902e-07	2
7.28968627405902e-07	-6.84547105944677e-07	2
7.70513242764892e-07	-6.37423989757746e-07	2
8.09016994396394e-07	-5.87785252303963e-07	2
8.44327925519917e-07	-5.35826794989536e-07	2
8.76306680053229e-07	-4.81753674119734e-07	2
9.04827052450319e-07	-4.25779291546302e-07	2
9.29776485913969e-07	-3.6812455267432e-07	2
9.51056516318438e-07	-3.09016994382016e-07	2
9.68583161120584e-07	-2.48689887183406e-07	2
9.82287250705927e-07	-1.87381314575852e-07	2
9.92114701336977e-07	-1.25333233569336e-07	2
9.98026728427082e-07	-6.27905195060841e-08	2
9.99999999973245e-07	0	2
9.98026728427082e-07	6.27905195060841e-08	2
9.92114701336977e-07	1.25333233569336e-07	2
9.82287250705927e-07	1.87381314575852e-07	2
9.68583161120584e-07	2.48689887183406e-07	2
9.51056516318438e-07	3.09016994382016e-07	2
9.29776485913969e-07	3.6812455267432e-07	2
9.04827052450319e-07	4.25779291546302e-07	2
8.76306680053229e-07	4.81753674119734e-07	2
8.44327925519917e-07	5.35826794989536e-07	2
8.09016994396394e-07	5.87785252303963e-07	2
7.70513242764892e-07	6.37423989757746e-07	2
7.28968627405902e-07	6.84547105944677e-07	2
6.84547105944677e-07	7.28968627405902e-07	2
6.37423989757746e-07	7.70513242764892e-07	2
5.87785252303963e-07	8.09016994396394e-07	2
5.35826794989536e-07	8.44327925519917e-07	2
4.81753674119734e-07	8.76306680053229e-07	2
4.25779291546302e-07	9.04827052450319e-07	2
3.6812455267432e-07	9.29776485913969e-07	2
3.09016994382016e-07	9.51056516318438e-07	2
2.48689887183406e-07	9.68583161120584e-07	2
1.87381314575852e-07	9.82287250705927e-07	2
1.25333233569336e-07	9.92114701336977e-07	2
6.27905195060841e-08	9.98026728427082e-07	2
0	9.99999999973245e-07	2
-6.27905195060841e-08	9.98026728427082e-07	2
-1.25333233569336e-07	9.92114701336977e-07	2
-1.87381314575852e-07	9.82287250705927e-07	2
-2.48689887183406e-07	9.68583161120584e-07	2
-3.09016994382016e-07	9.51056516318438e-07	2
-3.6812455267432e-07	9.29776485913969e-07	2
-4.25779291546302e-07	9.04827052450319e-07	2
-4.81753674119734e-07	8.76306680053229e-07	2
-5.35826794989536e-07	8.44327925519917e-07	2
-5.87785252303963e-07	8.09016994396394e-07	2
-6.37423989757746e-07	7.70513242764892e-07	2
-6.84547105944677e-07	7.28968627405902e-07	2
-7.28968627405902e-07	6.84547105944677e-07	2
-7.70513242764892e-07	6.37423989757746e-07	2
-8.09016994396394e-07	5.87785252303963e-07	2
-8.44327925519917e-07	5.35826794989536e-07	2
-8.76306680053229e-07	4.81753674119734e-07	2
-9.04827052450319e-07	4.25779291546302e-07	2
-9.29776485913969e-07	3.6812455267432e-07	2
-9.51056516318438e-07	3.09016994382016e-07	2
-9.68583161120584e-07	2.48689887183406e-07	2
-9.82287250705927e-07	1.87381314575852e-07	2
-9.92114701336977e-07	1.25333233569336e-07	2
-9.98026728427082e-07	6.27905195060841e-08	2
-0.150001	0	2
-0.149705007290969	-0.00941864071991655	2
-0.148818197311873	-0.0188001103678792	2
-0.147344069896554	-0.0281073845691733	2
-0.145288442752456	-0.0373037317646154	2
-0.142659428500789	-0.0463528581732365	2
-0.139467402659724	-0.0552190510272544	2
-0.135724962696955	-0.0638673195140524	2
-0.13144687831326	-0.0722635328689314	2
-0.126650033153228	-0.0803745550736445	2
-0.121353358173237	-0.0881683756291233	2
-0.115577756929611	-0.0956142358862932	2
-0.109346023081839	-0.102682750436409	2
-0.102682750436409	-0.109346023081839	2
-0.0956142358862932	-0.115577756929611	2
-0.0881683756291233	-0.121353358173236	2
-0.0803745550736444	-0.126650033153228	2
-0.0722635328689314	-0.13144687831326	2
-0.0638673195140524	-0.135724962696955	2
-0.0552190510272544	-0.139467402659724	2
-0.0463528581732365	-0.142659428500789	2
-0.0373037317646154	-0.145288442752456	2
-0.0281073845691733	-0.147344069896554	2
-0.0188001103678792	-0.148818197311873	2
-0.00941864071991655	-0.149705007290969	2
0	-0.150001	2
0.00941864071991655	-0.149705007290969	2
0.0188001103678792	-0.148818197311873	2
0.0281073845691733	-0.147344069896554	2
0.0373037317646154	-0.145288442752456	2
0.0463528581732364	-0.142659428500789	2
0.0552190510272543	-0.139467402659724	2
0.0638673195140525	-0.135724962696955	2
0.0722635328689314	-0.13144687831326	2
0.0803745550736445	-0.126650033153228	2
0.0881683756291232	-0.121353358173237	2
0.0956142358862932	-0.115577756929611	2
0.102682750436409	-0.109346023081839	2
0.109346023081839	-0.102682750436409	2
0.115577756929611	-0.0956142358862933	2
0.121353358173236	-0.0881683756291233	2
0.126650033153228	-0.0803745550736445	2
0.13144687831326	-0.0722635328689314	2
0.135724962696955	-0.0638673195140525	2
0.139467402659724	-0.0552190510272544	2
0.142659428500789	-0.0463528581732365	2
0.145288442752456	-0.0373037317646154	2
0.147344069896554	-0.0281073845691733	2
0.148818197311873	-0.0188001103678793	2
0.149705007290969	-0.00941864071991655	2
0.150001	0	2
0.149705007290969	0.00941864071991655	2
0.148818197311873	0.0188001103678792	2
0.147344069896554	0.0281073845691733	2
0.145288442752456	0.0373037317646153	2
0.142659428500789	0.0463528581732365	2
0.139467402659724	0.0552190510272544	2
0.135724962696955	0.0638673195140524	2
0.13144687831326	0.0722635328689314	2
0.126650033153228	0.0803745550736444	2
0.121353358173237	0.0881683756291232	2
0.115577756929611	0.0956142358862932	2
0.109346023081839	0.102682750436409	2
0.102682750436409	0.109346023081839	2
0.0956142358862932	0.115577756929611	2
0.0881683756291233	0.121353358173236	2
0.0803745550736444	0.126650033153228	2
0.0722635328689314	0.13144687831326	2
0.0638673195140524	0.135724962696955	2
0.0552190510272544	0.139467402659724	2
0.0463528581732365	0.142659428500789	2
0.0373037317646153	0.145288442752456	2
0.0281073845691733	0.147344069896554	2
0.0188001103678793	0.148818197311873	2
0.00941864071991649	0.149705007290969	2
0	0.150001	2
-0.00941864071991644	0.149705007290969	2
-0.0188001103678792	0.148818197311873	2
-0.0281073845691732	0.147344069896554	2
-0.0373037317646154	0.145288442752456	2
-0.0463528581732365	0.142659428500789	2
-0.0552190510272543	0.139467402659724	2
-0.0638673195140523	0.135724962696955	2
-0.0722635328689314	0.13144687831326	2
-0.0803745550736445	0.126650033153228	2
-0.0881683756291232	0.121353358173237	2
-0.0956142358862931	0.115577756929611	2
-0.102682750436409	0.109346023081839	2
-0.109346023081839	0.102682750436409	2
-0.115577756929611	0.0956142358862932	2
-0.121353358173236	0.0881683756291233	2
-0.126650033153228	0.0803745550736445	2
-0.13144687831326	0.0722635328689315	2
-0.135724962696955	0.0638673195140525	2
-0.139467402659724	0.0552190510272544	2
-0.142659428500789	0.0463528581732365	2
-0.145288442752456	0.0373037317646155	2
-0.147344069896554	0.0281073845691733	2
-0.148818197311873	0.0188001103678793	2
-0.149705007290969	0.00941864071991649	2
-0.300001	0	2
-0.29940901655521	-0.0188372186493135	2
-0.297635402509045	-0.0376000954025248	2
-0.294687157505857	-0.056214581757032	2
-0.29057591692175	-0.0746072148393436	2
-0.285317905945062	-0.0927054073294786	2
-0.278933875542961	-0.110437733929956	2
-0.271449020566858	-0.127734213248813	2
-0.262892880319839	-0.144526583984189	2
-0.25329922197853	-0.160748574320494	2
-0.242705907329479	-0.176336163472994	2
-0.23115474334598	-0.191227834348597	2
-0.218691317195051	-0.205364816325713	2
-0.205364816325713	-0.218691317195051	2
-0.191227834348597	-0.23115474334598	2
-0.176336163472994	-0.242705907329479	2
-0.160748574320494	-0.25329922197853	2
-0.144526583984189	-0.262892880319839	2
-0.127734213248813	-0.271449020566858	2
-0.110437733929956	-0.278933875542961	2
-0.0927054073294786	-0.285317905945062	2
-0.0746072148393436	-0.29057591692175	2
-0.056214581757032	-0.294687157505857	2
-0.0376000954025249	-0.297635402509045	2
-0.0188372186493136	-0.29940901655521	2
0	-0.300001	2
0.0188372186493135	-0.29940901655521	2
0.0376000954025248	-0.297635402509045	2
0.056214581757032	-0.294687157505857	2
0.0746072148393436	-0.29057591692175	2
0.0927054073294785	-0.285317905945062	2
0.110437733929956	-0.278933875542961	2
0.127734213248813	-0.271449020566858	2
0.144526583984189	-0.262892880319839	2
0.160748574320494	-0.25329922197853	2
0.176336163472994	-0.242705907329479	2
0.191227834348597	-0.23115474334598	2
0.205364816325713	-0.218691317195051	2
0.218691317195051	-0.205364816325713	2
0.23115474334598	-0.191227834348597	2
0.242705907329479	-0.176336163472994	2
0.25329922197853	-0.160748574320494	2
0.262892880319839	-0.144526583984189	2
0.271449020566858	-0.127734213248813	2
0.278933875542961	-0.110437733929956	2
0.285317905945062	-0.0927054073294786	2
0.29057591692175	-0.0746072148393437	2
0.294687157505857	-0.056214581757032	2
0.297635402509045	-0.037600095402525	2
0.29940901655521	-0.0188372186493136	2
0.300001	-5.55111512312578e-17	2
0.29940901655521	0.0188372186493135	2
0.297635402509045	0.0376000954025248	2
0.294687157505857	0.056214581757032	2
0.29057591692175	0.0746072148393435	2
0.285317905945062	0.0927054073294786	2
0.278933875542961	0.110437733929956	2
0.271449020566858	0.127734213248813	2
0.262892880319839	0.144526583984189	2
0.25329922197853	0.160748574320494	2
0.242705907329479	0.176336163472994	2
0.23115474334598	0.191227834348597	2
0.218691317195051	0.205364816325712	2
0.205364816325713	0.218691317195051	2
0.191227834348597	0.23115474334598	2
0.176336163472994	0.242705907329479	2
-0.294687157505857	0.056214581757032	2
-0.297635402509045	0.037600095402525	2
-0.29940901655521	0.0188372186493135	2
-0.449113025819451	-0.0282557965787105	2
-0.446452607706216	-0.0564000804371705	2
-0.442030245115161	-0.0843217789448907	2
-0.435863391091045	-0.111910697914072	2
-0.427976383389335	-0.139057956485721	2
-0.418400348426199	-0.165656416832658	2
-0.407173078436761	-0.191601106983574	2
-0.394338882326419	-0.216789635099446	2
-0.379948410803832	-0.241122593567343	2
-0.364058456485721	-0.264503951316865	2
-0.346731729762348	-0.2868414328109	2
-0.328036611308263	-0.308046882215016	2
-0.308046882215016	-0.328036611308263	2
-0.2868414328109	-0.346731729762348	2
-0.264503951316865	-0.364058456485721	2
-0.241122593567343	-0.379948410803832	2
-0.216789635099446	-0.394338882326419	2
-0.191601106983574	-0.407173078436761	2
-0.165656416832658	-0.418400348426199	2
-0.139057956485721	-0.427976383389335	2
-0.111910697914072	-0.435863391091045	2
-0.0843217789448907	-0.442030245115161	2
-0.0564000804371706	-0.446452607706216	2
-0.0282557965787106	-0.449113025819451	2
0	-0.450001	2
0.0282557965787106	-0.449113025819451	2
0.0564000804371704	-0.446452607706216	2
0.0843217789448907	-0.442030245115161	2
0.111910697914072	-0.435863391091045	2
0.139057956485721	-0.427976383389335	2
0.165656416832658	-0.418400348426199	2
0.191601106983574	-0.407173078436761	2
0.216789635099446	-0.394338882326419	2
0.241122593567344	-0.379948410803832	2
0.264503951316865	-0.364058456485721	2
0.2868414328109	-0.346731729762348	2
0.308046882215016	-0.328036611308263	2
-0.595269812903388	-0.0752000654718161	2
-0.589373332724464	-0.112428976132749	2
-0.58115086526034	-0.1492141809888	2
-0.570634860833608	-0.185410505641963	2
-0.557866821309437	-0.220875099735359	2
-0.542897136306664	-0.255468000718335	2
-0.525784884332998	-0.289052686214703	2
-0.506597599629135	-0.321496612814193	2
-0.485411005641963	-0.352671739160736	2
-0.462308716178716	-0.382455031273203	2
-0.437381905421474	-0.410728948104319	2
-0.410728948104319	-0.437381905421474	2
-0.382455031273204	-0.462308716178716	2
-0.352671739160736	-0.485411005641963	2
-0.321496612814193	-0.506597599629135	2
-0.289052686214703	-0.525784884332998	2
-0.255468000718335	-0.542897136306664	2
-0.22087509973536	-0.557866821309437	2
-0.185410505641963	-0.570634860833608	2
-0.1492141809888	-0.58115086526034	2
-0.112428976132749	-0.589373332724464	2
-0.0752000654718162	-0.595269812903388	2
-0.0376743745081076	-0.598817035083691	2
-5.55111512312578e-17	-0.600001	2
0.0376743745081076	-0.598817035083691	2
0.0752000654718161	-0.595269812903388	2
0.112428976132749	-0.589373332724464	2
0.1492141809888	-0.58115086526034	2
0.185410505641963	-0.570634860833608	2
0.220875099735359	-0.557866821309437	2
0.255468000718335	-0.542897136306664	2
0.289052686214703	-0.525784884332998	2
-0.736716420333767	-0.140536173320608	2
-0.726438339429634	-0.186517664063528	2
-0.713293338277881	-0.231763054798205	2
-0.697333294192675	-0.276093782638061	2
-0.678621194176567	-0.319334894453096	2
-0.657230886339578	-0.361315737329961	2
-0.633246788454437	-0.401870632061042	2
-0.606763554798205	-0.440839527004607	2
-0.577885702595085	-0.478068629735507	2
-0.546727199534686	-0.513411013993622	2
-0.513411013993623	-0.546727199534686	2
-0.478068629735507	-0.577885702595085	2
-0.440839527004607	-0.606763554798205	2
-0.401870632061042	-0.633246788454437	2
-0.36131573732996	-0.657230886339578	2
-0.319334894453096	-0.678621194176567	2
-0.276093782638061	-0.697333294192674	2
-0.231763054798205	-0.713293338277882	2
-0.186517664063528	-0.726438339429634	2
-0.140536173320608	-0.736716420333767	2
-0.0940000505064619	-0.74408701810056	2
-0.0470929524375047	-0.748521044347932	2
-5.55111512312578e-17	-0.750001	2
0.0470929524375046	-0.748521044347932	2
0.0940000505064617	-0.74408701810056	2
0.140536173320608	-0.736716420333767	2
0.186517664063528	-0.726438339429634	2
0.231763054798205	-0.713293338277882	2
0.276093782638061	-0.697333294192675	2
-0.871725813598929	-0.223821147138257	2
-0.855951815722155	-0.278115603954447	2
-0.836799767075912	-0.331312465540763	2
-0.81434525204647	-0.383201788187857	2
-0.788676888346157	-0.433578788445218	2
-0.759895977279739	-0.482244651307892	2
-0.728116103954447	-0.529007314848478	2
-0.693462689011453	-0.57368222819781	2
-0.656072493647898	-0.616093079882926	2
-0.616093079882926	-0.656072493647898	2
-0.573682228197811	-0.693462689011453	2
-0.529007314848478	-0.728116103954447	2
-0.482244651307892	-0.759895977279739	2
-0.433578788445218	-0.788676888346157	2
-0.383201788187857	-0.81434525204647	2
-0.331312465540763	-0.836799767075912	2
-0.278115603954447	-0.855951815722155	2
-0.223821147138256	-0.871725813598929	2
-0.168643370508467	-0.884059507943071	2
-0.112800035541108	-0.892904223297731	2
-0.0565115303669017	-0.898225053612173	2
-5.55111512312578e-17	-0.900001	2
0.0565115303669016	-0.898225053612173	2
0.112800035541107	-0.892904223297731	2
0.168643370508467	-0.884059507943071	2
0.223821147138257	-0.871725813598929	2
0.278115603954447	-0.855951815722155	2
-1.01701328776822	-0.261124630212985	2
-0.998610293166427	-0.324468153110689	2
-0.97626623995915	-0.386531148443464	2
-0.950069309916373	-0.447068681922618	2
-0.920122890352737	-0.505841839560475	2
-0.886545166105041	-0.562618670554741	2
-0.849468653110689	-0.617175102692349	2
-0.809039675427821	-0.669295826660114	2
-0.765417787761109	-0.718775145772229	2
-0.718775145772229	-0.76541778776111	2
-0.669295826660114	-0.809039675427822	2
-0.617175102692349	-0.849468653110689	2
-0.562618670554741	-0.886545166105041	2
-0.505841839560475	-0.920122890352737	2
-0.447068681922618	-0.950069309916373	2
-0.386531148443465	-0.97626623995915	2
-0.324468153110689	-0.998610293166427	2
-0.261124630212985	-1.01701328776822	2
-0.196750567696326	-1.03140259555237	2
-0.131600020575753	-1.0417214284949	2
-0.0659301082962988	-1.04792906287641	2
-5.55111512312578e-17	-1.050001	2
0.0659301082962986	-1.04792906287641	2
0.131600020575753	-1.0417214284949	2
0.196750567696325	-1.03140259555237	2
0.261124630212985	-1.01701328776822	2
-1.16230076193752	-0.298428113287713	2
-1.1412687706107	-0.370820702266931	2
-1.11573271284239	-0.441749831346166	2
-1.08579336778628	-0.510935575657379	2
-1.05156889235932	-0.578104890675733	2
-1.01319435493034	-0.642992689801591	2
-0.970821202266931	-0.70534289053622	2
-0.92461666184419	-0.764909425122417	2
-0.874763081874321	-0.821457211661532	2
-0.821457211661533	-0.874763081874321	2
-0.764909425122417	-0.92461666184419	2
-0.70534289053622	-0.970821202266931	2
-0.642992689801591	-1.01319435493034	2
-0.578104890675732	-1.05156889235932	2
-0.510935575657379	-1.08579336778628	2
-0.441749831346166	-1.11573271284239	2
-0.370820702266931	-1.1412687706107	2
-0.298428113287713	-1.16230076193752	2
-0.224857764884184	-1.17874568316168	2
-0.150400005610399	-1.19053863369207	2
-0.0753486862256958	-1.19763307214065	2
-5.55111512312578e-17	-1.200001	2
0.0753486862256956	-1.19763307214065	2
0.150400005610399	-1.19053863369207	2
0.224857764884184	-1.17874568316168	2
-1.28392724805497	-0.417173251423173	2
-1.25519918572563	-0.496968514248868	2
-1.22151742565618	-0.57480246939214	2
-1.1830148943659	-0.65036794179099	2
-1.13984354375565	-0.72336670904844	2
-1.09217375142317	-0.793510678380091	2
-1.04019364826056	-0.860523023584721	2
-0.984108375987533	-0.924139277550836	2
-0.924139277550836	-0.984108375987533	2
-0.860523023584721	-1.04019364826056	2
-0.793510678380091	-1.09217375142317	2
-0.72336670904844	-1.13984354375565	2
-0.65036794179099	-1.1830148943659	2
-0.57480246939214	-1.22151742565618	2
-0.496968514248868	-1.25519918572563	2
-0.417173251423174	-1.28392724805497	2
-0.335731596362441	-1.30758823610681	2
-0.252964962072043	-1.32608877077098	2
-0.169199990645045	-1.33935583888925	2
-0.0847672641550928	-1.34733708140489	2
-5.55111512312578e-17	-1.350001	2
0.0847672641550926	-1.34733708140489	2
0.169199990645044	-1.33935583888925	2
0.252964962072043	-1.32608877077098	2
-0.0203387811539313	0	2
-0.0202986472152766	-0.00127708263524834	2
-0.020178403789633	-0.00254912520877892	2
-0.0199785254228676	-0.00381110754969499	2
-0.0196998009435781	-0.00505804919024183	2
-0.0193433303499474	-0.00628502902143768	2
-0.0189105204685524	-0.00748720471444253	2
-0.018403079402263	-0.00865983183101793	2
-0.0178230097891402	-0.00979828254765713	2
-0.0171726008989382	-0.0108980639194902	2
-0.0164544195984033	-0.0119548356118849	2
-0.0156713002210227	-0.0129644270297643	2
-0.0148263333812058	-0.0139228537770406	2
-0.0139228537770406	-0.0148263333812058	2
-0.0129644270297643	-0.0156713002210227	2
-0.0119548356118849	-0.0164544195984033	2
-0.0108980639194902	-0.0171726008989382	2
-0.00979828254765713	-0.0178230097891402	2
-0.00865983183101793	-0.018403079402263	2
-0.00748720471444253	-0.0189105204685524	2
-0.00628502902143768	-0.0193433303499474	2
-0.00505804919024183	-0.0196998009435781	2
-0.00381110754969499	-0.0199785254228676	2
-0.00254912520877892	-0.020178403789633	2
-0.00127708263524834	-0.0202986472152766	2
0	-0.0203387811539313	2
0.00127708263524834	-0.0202986472152766	2
0.00254912520877892	-0.020178403789633	2
0.00381110754969499	-0.0199785254228676	2
0.00505804919024183	-0.0196998009435781	2
0.00628502902143768	-0.0193433303499474	2
0.00748720471444247	-0.0189105204685524	2
0.00865983183101793	-0.018403079402263	2
0.00979828254765713	-0.0178230097891402	2
0.0108980639194902	-0.0171726008989382	2
0.0119548356118849	-0.0164544195984033	2
0.0129644270297643	-0.0156713002210227	2
0.0139228537770406	-0.0148263333812058	2
0.0148263333812058	-0.0139228537770406	2
0.0156713002210227	-0.0129644270297643	2
0.0164544195984033	-0.0119548356118849	2
0.0171726008989382	-0.0108980639194902	2
0.0178230097891402	-0.00979828254765713	2
0.018403079402263	-0.00865983183101793	2
0.0189105204685524	-0.00748720471444253	2
0.0193433303499474	-0.00628502902143768	2
0.0196998009435781	-0.00505804919024183	2
0.0199785254228676	-0.00381110754969499	2
0.020178403789633	-0.00254912520877892	2
0.0202986472152766	-0.00127708263524834	2
0.0203387811539313	0	2
0.0202986472152766	0.00127708263524834	2
0.020178403789633	0.00254912520877892	2
0.0199785254228676	0.00381110754969499	2
0.0196998009435781	0.00505804919024183	2
0.0193433303499474	0.00628502902143768	2
0.0189105204685524	0.00748720471444253	2
0.018403079402263	0.00865983183101787	2
0.0178230097891402	0.00979828254765713	2
0.0171726008989383	0.0108980639194902	2
0.0164544195984033	0.0119548356118849	2
0.0156713002210227	0.0129644270297643	2
0.0148263333812058	0.0139228537770406	2
0.0139228537770406	0.0148263333812058	2
0.0129644270297643	0.0156713002210227	2
0.0119548356118849	0.0164544195984033	2
0.0108980639194902	0.0171726008989383	2
0.00979828254765713	0.0178230097891402	2
0.00865983183101787	0.018403079402263	2
0.00748720471444253	0.0189105204685524	2
0.00628502902143768	0.0193433303499474	2
0.00505804919024183	0.0196998009435781	2
0.00381110754969499	0.0199785254228676	2
0.00254912520877892	0.020178403789633	2
0.00127708263524834	0.0202986472152766	2
0	0.0203387811539313	2
-0.00127708263524834	0.0202986472152766	2
-0.00254912520877892	0.020178403789633	2
-0.00381110754969499	0.0199785254228676	2
-0.00505804919024183	0.0196998009435781	2
-0.00628502902143768	0.0193433303499474	2
-0.00748720471444247	0.0189105204685524	2
-0.00865983183101787	0.018403079402263	2
-0.00979828254765713	0.0178230097891402	2
-0.0108980639194902	0.0171726008989382	2
-0.0119548356118849	0.0164544195984033	2
-0.0129644270297643	0.0156713002210227	2
-0.0139228537770406	0.0148263333812058	2
-0.0148263333812058	0.0139228537770406	2
-0.0156713002210227	0.0129644270297643	2
-0.0164544195984033	0.0119548356118849	2
-0.0171726008989382	0.0108980639194902	2
-0.0178230097891402	0.00979828254765713	2
-0.018403079402263	0.00865983183101793	2
-0.0189105204685524	0.00748720471444253	2
-0.0193433303499474	0.00628502902143768	2
-0.0196998009435781	0.00505804919024183	2
-0.0199785254228676	0.00381110754969499	2
-0.020178403789633	0.00254912520877892	2
-0.0202986472152766	0.00127708263524834	2
