x	y	set
1.00000733218725	0.999993241340342	2
1.00000698851655	0.999993810240669	2
1.00000661726513	0.999994403569417	2
1.00000621989808	0.999995018985061	2
1.00000579798358	0.999995654058911	2
1.00000535318667	0.999996306284687	2
1.00000488726271	0.999996973088418	2
1.00000440205044	0.999997651838594	2
1.00000389946473	0.999998339856549	2
1.00000338148902	0.999999034427038	2
1.00000285016749	0.999999732808943	2
1.00000230759701	1.0000004322461	2
1.00000175591884	1.00000112997817	2
1.00000119731019	1.00000182325154	2
1.00000063397564	1.00000250933016	2
1.00000006813842	1.0000031855064	2
0.999999502031645	1.00000384911168	2
0.999998937889507	1.00000449752701	2
0.999998377938446	1.00000512819338	2
0.999997824388373	1.00000573862178	2
0.999997279423939	1.00000632640308	2
0.999996745195919	1.00000688921751	2
0.99999622381272	1.00000742484385	2
0.99999571733206	1.00000793116815	2
0.999995227752847	1.0000084061921	2
0.999994757007289	1.00000884804094	2
0.999994306953265	1.00000925497081	2
0.999993879366995	1.00000962537567	2
0.999993475936028	1.00000995779362	2
0.999993098252582	1.00001025091269	2
0.999992747807256	1.00001050357601	2
0.99999242598315	1.00001071478636	2
0.999992134050405	1.00001088371014	2
0.999991873161188	1.00001100968062	2
0.999991644345145	1.00001109220061	2
0.999991448505339	1.00001113094441	2
0.999991286414682	1.00001112575909	2
0.999991158712887	1.00001107666508	2
0.99999106590394	1.00001098385613	2
0.999991008354115	1.00001084769852	2
0.999990986290528	1.0000106687296	2
0.999990999800236	1.0000104476557	2
0.999991048829898	1.00001018534933	2
0.999991133185987	1.00000988284572	2
0.999991252535549	1.00000954133876	2
0.999991406407522	1.00000916217628	2
0.999991594194597	1.00000874685471	2
0.99999181515561	1.0000082970132	2
0.999992068418471	1.00000781442714	2
0.999992352983607	1.00000730100115	2
0.99999266772791	1.00000675876156	2
0.999993011409164	1.00000618984842	2
0.999993382670954	1.00000559650704	2
0.999993780048018	1.00000498107915	2
0.999994201972032	1.00000434599363	2
0.999994646777795	1.00000369375694	2
0.999995112709814	1.00000302694322	2
0.999995597929218	1.00000234818415	2
0.999996100521026	1.00000166015853	2
0.999996618501703	1.00000096558173	2
0.999997149826983	1.00000026719496	2
0.99999769239995	0.999999567754469	2
0.999998244079298	0.999998870020641	2
0.999998802687796	0.999998176747127	2
0.999999366020873	0.99999749066996	2
0.999999931855317	0.999996814496766	2
1.00000049795806	0.999996150896073	2
1.00000106209496	0.999995502486784	2
1.00000162203968	0.999994871827837	2
1.0000021755824	0.99999426140811	2
1.00000272053859	0.999993673636602	2
1.00000325475759	0.99999311083292	2
1.00000377613115	0.999992575218129	2
1.0000042826017	0.999992068905986	2
1.00000477217049	0.999991593894605	2
1.00000524290547	0.999991152058563	2
1.00000569294894	0.999990745141509	2
1.00000612052485	0.999990374749283	2
1.00000652394579	0.999990042343581	2
1.00000690161973	0.999989749236181	2
1.0000072520562	0.999989496583778	2
1.00000757387225	0.999989285383408	2
1.00000786579786	0.999989116468527	2
1.00000812668098	0.999988990505709	2
1.00000835549206	0.999988907992028	2
1.00000855132811	0.99998886925309	2
1.00000871341628	0.999988874441753	2
1.00000884111689	0.999988923537517	2
1.00000893392599	0.999989016346614	2
1.00000899147729	0.999989152502769	2
1.00000901354366	0.999989331468644	2
1.00000900003799	0.999989552537959	2
1.00000895101355	0.999989814838284	2
1.00000886666381	0.999990117334475	2
1.0000087473216	0.99999045883276	2
1.00000859345788	0.999990837985452	2
1.00000840567982	0.999991253296269	2
1.00000818472844	0.999991703126231	2
1.0000079314757	0.999992185700132	2
1.00000764692098	0.999992699113548	2
1.73220239394055	0.42311728571099	2
1.7137508196549	0.46688776240039	2
1.69215548419872	0.512935217116049	2
1.66728738587452	0.561357219411463	2
1.63899161567513	0.612287199537033	2
1.60707767127565	0.665905669511609	2
1.57130538241433	0.722456581293166	2
1.53136375578117	0.782271968096617	2
1.48683785379065	0.845810577467205	2
1.43715426992083	0.913721521444397	2
1.38148549376716	0.98695596396993	2
1.31856765857186	1.06697999835743	2
1.24631128113646	1.15622931815772	2
1.16081713135401	1.25925862632206	2
1.05306981046501	1.38660289825274	2
0.887074855683269	1.58030571934844	2
0.455123455772392	1.14835431943757	2
0.611515734595455	0.945048822383186	2
0.713149605664635	0.811591100632686	2
0.794980509292555	0.704898546313815	2
0.865796313849554	0.614208653635123	2
0.929410870744108	0.534881340946876	2
0.987870207638092	0.464437459161656	2
1.04240694743369	0.401379671110244	2
1.09381786550955	0.344726077824991	2
1.14264077172056	0.2937919705994	2
1.189247515674	0.248075513909954	2
1.2338972701281	0.207192853989999	2
1.27676920624029	0.17083903977723	2
1.31798369999525	0.138763432912575	2
1.35761678440856	0.110753727154047	2
1.39571042812698	0.0866253198974266	2
1.43228012124069	0.066214130934074	2
1.46732065139313	0.0493717024034329	2
1.50081061437632	0.035961838295323	2
1.53271600473129	0.0258582968448501	2
1.56299311231106	0.0189432087195227	2
1.59159087725879	0.0151059974400816	2
1.61845280979393	0.0142426478278826	2
1.64351855174397	0.016255215959273	2
1.66672513743055	0.0210515075855791	2
1.68800799837741	0.0285448758530136	2
1.70730174692819	0.0386541063949229	2
1.72454076674528	0.0513033704602986	2
1.73965963236894	0.0664222360839632	2
1.75259337495267	0.0839457344194077	2
1.76327760655701	0.103814484032613	2
1.77164851068048	0.125974880835513	2
1.77764270176722	0.150379365982531	2
1.78119695096906	0.176986789003017	2
1.78224776909492	0.205762889276214	2
1.78073082995923	0.23668092636769	2
1.77658020753446	0.269722499648014	2
1.76972738736922	0.304878611288219	2
1.76009999505791	0.342151046068209	2
1.74762015966124	0.381554169354623	2
2.23117048642874	0.112102903430798	2
2.20708970441608	0.180948993640608	2
2.17777638751999	0.252996821955398	2
2.14298942246754	0.328473536429116	2
2.10242748897602	0.407682101945175	2
2.05570490501767	0.491028887762161	2
2.00231475689782	0.579065922166044	2
1.94157004179464	0.672558471374317	2
1.8725043522055	0.77259917498052	2
1.79369197753824	0.8808148624321	2
1.70288974922108	0.999778322686051	2
1.5962222146328	1.13394503029966	2
1.46590227825241	1.29227315587243	2
1.29086734694041	1.49898544319209	2
0.351808856463904	0.55992695271558	2
0.507006784385331	0.333377662005354	2
0.625080313572196	0.162803129239058	2
0.725803643400086	0.0226922168650546	2
2.25021606448981	0.0462885726558098	2
2.58530258170588	0.0668638187884921	2
2.54366745742865	0.163340142687183	2
2.49436372195959	0.264343717051073	2
2.43686358039927	0.370464337295689	2
2.37045708406608	0.48250209657969	2
2.29415984243523	0.601572604389334	2
2.20655219395233	0.729290069016178	2
2.1054755261867	0.868112670428482	2
1.98739219458428	1.02207009285725	2
1.84579979145775	1.19856524022115	2
1.66609497087186	1.41420861852836	2
1.39522100573134	1.72929198271746	2
2.89900865564798	0.0334939522069249	2
2.84255199796302	0.152806172198267	2
2.77615653650806	0.277994479260086	2
2.6989474063917	0.410068808689979	2
2.60969346000217	0.550439533931811	2
2.50659218634314	0.701160660763088	2
2.38685392839091	0.865398818811047	2
2.24579644521681	1.04845329734067	2
2.0744857939305	1.26041207636019	2
1.85134418830672	1.5255972446042	2
1.47325455605697	1.96009638966131	2
3.15985253871247	0.0608312014121511	2
3.08568210520548	0.202697213758256	2
2.99901376392685	0.352267744204867	2
2.89840297843819	0.511210000969745	2
2.78171294772911	0.681960777634507	2
2.64559773271152	0.868305650085963	2
2.48435257782761	1.07666489364114	2
2.28681668267957	1.3195547903434	2
2.024608416373	1.62873048949391	2
1.51253771040737	2.21110317115018	2
3.3724507476395	0.138957492283852	2
3.27724662055409	0.30422554697079	2
3.16638893798742	0.479814730247343	2
3.03744171012353	0.668503081428389	2
2.88655859276351	0.874628672722878	2
2.70710836674701	1.10561785960153	2
2.48588288129731	1.37619707497681	2
2.18797486021073	1.72518185989012	2
3.6410104788549	0.0835108487341633	2
3.53795613952541	0.263121010823618	2
3.41768017705527	0.453911024787432	2
3.27747397010333	0.658968578018729	2
3.1130339298994	0.883133240290536	2
2.91687883872537	1.13474723486953	2
2.67390515974107	1.43056636685958	2
2.34298304881858	1.81608528813571	2
3.89453301670378	0.0342959063946745	2
3.78416449057058	0.227181912011637	2
3.65512018219117	0.43203762069324	2
3.504439693802	0.652235481206874	2
3.32739655554508	0.893076212241649	2
3.11572161990151	1.16374553321726	2
2.85254424267375	1.48287848880874	2
2.49080805751044	1.902288957082	2
4.01809691291932	0.195226583654566	2
3.88081237719035	0.413227831062643	2
3.72029589691469	0.647571254552684	2
3.53142618657969	0.903985970444522	2
3.30519752746153	1.19244191951602	2
3.02308117892811	1.53332748274599	2
2.63237147249392	1.98444641080051	2
1.13515234177818	0.87929429713256	2
1.12974283433635	0.888935972794395	2
1.12377340745925	0.899066450775631	2
1.11725028333797	0.909666960985985	2
1.11018100977476	0.920717957236483	2
1.10257451674046	0.932199083396285	2
1.09444117859366	0.944089129238072	2
1.08579288322597	0.956365974463158	2
1.07664310962945	0.969006519128582	2
1.0670070156529	0.981986598381582	2
1.05690153802802	0.995280879035604	2
1.04634550711035	1.00886273509037	2
1.0353597791965	1.02270409880211	2
1.0239673897497	1.0367752833477	2
1.01219373138561	1.05104477250327	2
1.0000667610265	1.06547897209004	2
0.98761724119439	1.08004191726265	2
0.974879020929176	1.09469492909174	2
0.961889362192252	1.10939621343514	2
0.948689317695873	1.12410039498414	2
0.935324165638716	1.13875797990392	2
0.921843905452182	1.1533147421115	2
0.908303815806814	1.16771103162155	2
0.894765070981526	1.18188100951211	2
0.881295403136878	1.19575182426152	2
0.867969784595001	1.20924276023682	2
0.854871084178803	1.22226441305125	2
0.842090623275927	1.23471798043137	2
0.829728519528968	1.24649480240725	2
0.817893659874196	1.25747633994797	2
0.806703095163412	1.26753484055251	2
0.796280607897467	1.27653498837747	2
0.786754194287071	1.2843368494485	2
0.778252252814647	1.29080036244853	2
0.77089841673525	1.29579145290404	2
0.764805225062746	1.29918954207019	2
0.760067171244728	1.30089581006468	2
0.756754013632212	1.30084115972313	2
0.754905435759195	1.29899258185011	2
0.754528069854942	1.29535670867489	2
0.755595498519816	1.28997981552726	2
0.758051231362725	1.28294426753152	2
0.761814036100519	1.2743621457344	2
0.766784607274803	1.26436726243624	2
0.772852483757964	1.25310686423797	2
0.779902332336397	1.2407340777255	2
0.787819060879042	1.22740174095281	2
0.796491569651084	1.21325785252937	2
0.805815206173831	1.19844256332927	2
0.815693133703965	1.18308646257642	2
0.826036873713058	1.16730984935488	2
0.83676627187738	1.15122269300202	2
0.84780909597053	1.13492503450111	2
0.859100424294173	1.11850764010891	2
0.870581936945501	1.10205277360482	2
0.882201184376512	1.08563499864172	2
0.893910879282289	1.06932195657056	2
0.90566823780192	1.05317508904481	2
0.917434382586425	1.03725029074899	2
0.929173811740003	1.02159848780826	2
0.940853932506493	1.00626614357003	2
0.952444655726383	0.991295696844043	2
0.963918045717413	0.976725939315414	2
0.975248019770507	0.962592339376114	2
0.98641009152585	0.948927319505872	2
0.997381152857058	0.935760493864644	2
1.00813928939135	0.923118872120031	2
1.01866362533722	0.911027034836351	2
1.02893419382509	0.899507285062284	2
1.03893182946216	0.888579780106573	2
1.04863808024689	0.878262646902715	2
1.05803513637814	0.868572083839861	2
1.06710577382953	0.859522451477549	2
1.07583331084612	0.851126354162505	2
1.08420157576307	0.843394714221118	2
1.0921948847508	0.836336840105175	2
1.09979802826344	0.829960489615264	2
1.10699626511323	0.824271929110264	2
1.11377532321635	0.819275989427636	2
1.12012140616093	0.814976119083343	2
1.12602120483837	0.811374435188259	2
1.13146191345728	0.808471772406543	2
1.13643124932895	0.806267730187641	2
1.14091747587498	0.804760718424754	2
1.14490942836409	0.803948001626512	2
1.14839654193723	0.803825741633187	2
1.15136888152917	0.804389038862246	2
1.15381717334118	0.805631972028739	2
1.15573283756495	0.807547636252511	2
1.15710802210195	0.81012817943503	2
1.15793563706655	0.813364836762509	2
1.15820938990532	0.817247963167741	2
1.1579238210096	0.821767063559373	2
1.15707433974449	0.826910820603183	2
1.15565726086466	0.832667119813921	2
1.15366984133751	0.839023071687402	2
1.15111031764689	0.845965030569297	2
1.14797794370701	0.853478609918294	2
1.14427302957821	0.861548693575242	2
1.13999698124324	0.87015944259507	2
1.0911359212563	0.917774704002285	2
1.08730966041487	0.924434472958772	2
1.08311328431603	0.93141997898673	2
1.07855491931451	0.938713953978735	2
1.0736438883792	0.94629821621404	2
1.06839075381199	0.95415364363903	2
1.06280736207248	0.962260142295409	2
1.05690689078078	0.970596609772719	2
1.05070389791769	0.979140893632183	2
1.0442143731649	0.987869744848129	2
1.03745579121869	0.996758766449437	2
1.03044716676272	1.00578235772618	2
1.02320911058848	1.01491365460742	2
1.01576388609491	1.02412446712808	2
1.0081354650695	1.03338521530051	2
1.00034958123937	1.04266486520609	2
0.992433779568312	1.05193086773861	2
0.984417458654225	1.06114910317924	2
0.976331902842723	1.0702838356713	2
0.968210299816875	1.0792976826923	2
0.960087738461329	1.08815160577821	2
0.952001180761373	1.09680493000505	2
0.94398940043845	1.10521540101103	2
0.936092880031599	1.11333928954343	2
0.928353657338933	1.12113155448377	2
0.920815111710551	1.1285460758326	2
0.913521680856471	1.13553596895511	2
0.906518499858012	1.14205399019338	2
0.899850956216903	1.14805304141657	2
0.893564158278077	1.15348677692554	2
0.887702319357278	1.15831031018391	2
0.882308066354964	1.16248101015633	2
0.877421689249152	1.16595936794198	2
0.873080356023208	1.1687099046214	2
0.869317325371157	1.17070208189226	2
0.866161195759328	1.17191116955735	2
0.863635232861493	1.17231901973733	2
0.861756816956771	1.17191469809557	2
0.860537046978461	1.17069492811726	2
0.859980528614104	1.16866431548994	2
0.860085361057094	1.16583533485511	2
0.860843322262017	1.16222807878312	2
0.862240237825245	1.15786978642344	2
0.864256505862083	1.15279418455491	2
0.866867741038577	1.14704068483994	2
0.870045496103959	1.14065348693059	2
0.873758018933878	1.13368063758134	2
0.877971006618048	1.12617309181772	2
0.882648324432927	1.11818381476829	2
0.887752665379283	1.10976695347793	2
0.893246134161379	1.10097709828343	2
0.899090747111922	1.09186864425676	2
0.905248846019255	1.08249525553108	2
0.911683428799888	1.07290942937247	2
0.91835840344563	1.06316215268931	2
0.925238773801027	1.05330264111791	2
0.932290766730622	1.04337814960605	2
0.939481910386618	1.0334338432152	2
0.946781072844591	1.0235127173696	2
0.95415846956052	1.01365555773081	2
0.961585647092723	1.00390093105945	2
0.96903544945673	0.994285199687742	2
0.976481972427847	0.984842553461011	2
0.983900510129608	0.975605054148548	2
0.991267497375887	0.966602688339349	2
0.998560450481334	0.957863425712078	2
1.00575790861876	0.949413280301984	2
1.01283937727519	0.941276372989685	2
1.01978527492938	0.933474993921324	2
1.02657688372947	0.926029663952398	2
1.03319630467726	0.918959194504305	2
1.03962641761324	0.912280745448081	2
1.04585084613295	0.906009880797178	2
1.05185392744139	0.90016062211209	2
1.05762068705987	0.894745499603768	2
1.06313681823248	0.889775600978463	2
1.06838866583184	0.885260618100294	2
1.07336321453181	0.881208891565098	2
1.07804808099482	0.877627453284098	2
1.0824315098107	0.874522067172126	2
1.08650237292079	0.871897268025159	2
1.09025017226294	0.869756398657784	2
1.09366504537989	0.868101645354502	2
1.09673777374345	0.866934071670567	2
1.09945979355966	0.866253650599239	2
1.10182320883482	0.866059295103427	2
1.10382080649902	0.866348886991115	2
1.10544607340168	0.867119304095934	2
1.10669321501261	0.868366445706857	2
1.10755717568225	0.870085256174346	2
1.10803366033559	0.8722697466042	2
1.10811915749544	0.874913014535018	2
1.10781096355309	0.878007261480202	2
1.10710720822644	0.88154380820105	2
1.10600688116847	0.885513107563311	2
1.10450985971152	0.88990475481589	2
1.10261693775558	0.89470749511701	2
1.10032985583094	0.899909228120224	2
1.09765133238729	0.905497009420573	2
1.09458509638162	0.911457048650072	2
1.06195090970587	0.943724483428858	2
1.05926140400951	0.948331734234909	2
1.05632481718391	0.953157300993525	2
1.05314867387093	0.958187098348817	2
1.0497414012582	0.963406299292309	2
1.0461123444653	0.968799333925221	2
1.04227178083118	0.974349888006635	2
1.0382309327762	0.980040901638784	2
1.03400197884903	0.985854568522537	2
1.02959806249538	0.991772336309686	2
1.02503329800218	0.997774908684512	2
1.0203227729766	1.00384224992519	2
1.01548254661588	1.00995359282546	2
1.01052964291111	1.01608745099692	2
1.0054820378098	1.0222216367201	2
1.0003586392403	1.02833328566309	2
0.995179258782261	1.03439888993487	2
0.98996457365782	1.04039434107712	2
0.984736077627021	1.04629498471342	2
0.97951601931077	1.05207568865309	2
0.974327326447906	1.05771092627344	2
0.969193514637084	1.06317487695825	2
0.964138579236015	1.06844154523153	2
0.959186869308728	1.0734848999718	2
0.95436294284304	1.07827903470288	2
0.949691402919285	1.08279834941499	2
0.945196715105701	1.08701775366577	2
0.940903007084854	1.09091288984433	2
0.936833852365973	1.09446037446862	2
0.933012040882322	1.09763805426004	2
0.929459340265984	1.10042527255178	2
0.926196252573645	1.10280314041252	2
0.923241772130557	1.10475480579405	2
0.920613150881254	1.10626571314204	2
0.918325678099093	1.1073238453454	2
0.916392481435513	1.10791993973462	2
0.914824356027696	1.10804767014009	2
0.913629627704077	1.1077037878213	2
0.912814055243486	1.10688821536071	2
0.912380775209302	1.1056040893217	2
0.912330291187181	1.10385774948629	2
0.91266050742576	1.10165867467207	2
0.913366805052579	1.09901936731336	2
0.914442157350349	1.09595519101384	2
0.915877279153219	1.0924841669921	2
0.917660804350531	1.08862673663633	2
0.919779484819436	1.08440549819715	2
0.922218403859233	1.07984492596188	2
0.924961197342622	1.07497108010209	2
0.927990276274947	1.06981131483501	2
0.931287045184636	1.06439399168034	2
0.934832111670207	1.05874820353005	2
0.938605483416737	1.05290351407981	2
0.942586749991818	1.04688971598733	2
0.94675524767691	1.04073660999808	2
0.951090206440063	1.0344738062656	2
0.955570878882657	1.02813054822498	2
0.960176651583328	1.02173555866973	2
0.964887139715982	1.01531690713528	2
0.969682266144126	1.00890189729673	2
0.974542326404864	1.00251697282766	2
0.979448041110107	0.9961876400204	2
0.984380597328353	0.989938405414161	2
0.989321680485368	0.983792726694949	2
0.994253498252608	0.9777729752012	2
0.999158797792198	0.971900408474532	2
1.00402087760839	0.966195151422695	2
1.00882359512688	0.960676184800388	2
1.01355137099234	0.955361339854924	2
1.01818919094626	0.950267298121714	2
1.02272260602497	0.945409595484888	2
1.02713773170451	0.940802629738618	2
1.03142124651542	0.936459670993304	2
1.03556039055753	0.932392874367149	2
1.03954296426266	0.92861329448806	2
1.04335732768057	0.925130901403564	2
1.04699240050137	0.921954597558568	2
1.05043766297341	0.919092235553225	2
1.05368315783053	0.91655063643683	2
1.05671949330362	0.914335608329953	2
1.05953784726	0.912451965196512	2
1.06212997248739	0.910903545611612	2
1.06448820311822	0.909693231390242	2
1.06660546217277	0.908822965957385	2
1.06847527018641	0.908293772352359	2
1.07009175487585	0.908105770769907	2
1.07144966179198	0.908258195548295	2
1.0725443659011	0.908749411520927	2
1.07337188403331	0.909576929653143	2
1.07392888813411	0.910737421890433	2
1.0742127192544	0.91222673514845	2
1.07422140221356	0.914039904379508	2
1.07395366087016	0.916171164654773	2
1.0734089339346	0.918613962206619	2
1.07258739125762	0.92136096438184	2
1.07148995052748	0.924404068463991	2
1.07011829430604	0.927734409332372	2
1.06847488733035	0.931342365936653	2
1.06656299400032	0.935217566580134	2
1.06438669596467	0.93934889302187	2
1.0408329354037	0.962723372132969	2
1.03901495434508	0.965801714666202	2
1.03703675749261	0.969021890364003	2
1.03490433574228	0.972373405096728	2
1.03262429430881	0.975845245572958	2
1.03020385114522	0.97942589281517	2
1.02765083347154	0.983103336932818	2
1.02497367216877	0.986865093452834	2
1.02218139377348	0.990698221496683	2
1.0192836097879	0.994589344121945	2
1.01629050300093	0.998524671173979	2
1.01321281049801	1.00249002501853	2
1.01006180302322	1.00647086954764	2
1.00684926034707	1.0104523428675	2
1.00358744228953	1.01441929408553	2
1.00028905505202	1.01835632461354	2
0.996967212525719	1.02224783439107	2
0.99363539227012	1.0260780734059	2
0.990307385895606	1.02983119884448	2
0.986997243640957	1.03349133814111	2
0.983719213011579	1.0370426581086	2
0.980487671439029	1.0404694402236	2
0.977317053037907	1.04375616200512	2
0.974221769671972	1.04688758426562	2
0.971216126696639	1.04984884383139	2
0.968314233916967	1.05262555112576	2
0.965529912484903	1.05520389179067	2
0.962876598651123	1.05757073129426	2
0.960367245477941	1.05971372124571	2
0.95801422380156	1.06162140592153	2
0.955829223894606	1.06328332731398	2
0.953823159412687	1.06469012685313	2
0.952006075301344	1.06583364184303	2
0.950387061382572	1.06670699460044	2
0.948974173325301	1.06730467230113	2
0.947774362626777	1.06762259563011	2
0.946793417089764	1.06765817450063	2
0.946035913076127	1.06741034934994	2
0.945505180556766	1.06687961683058	2
0.945203281671107	1.06606803908197	2
0.945131003169925	1.06497923617326	2
0.94528786275894	1.06361836173477	2
0.945672129004626	1.06199206222249	2
0.946280854125112	1.0601084206668	2
0.947109918683725	1.05797688612417	2
0.948154086943993	1.05560819036336	2
0.949407071442733	1.0530142535627	2
0.950861605198235	1.050208080966	2
0.952509519895471	1.04720365253861	2
0.954341828377807	1.04401580768357	2
0.956348809819614	1.04066012702841	2
0.958520096048471	1.03715281318322	2
0.960844757619822	1.03351057221347	2
0.963311388410346	1.02975049737755	2
0.965908187678315	1.02588995646288	2
0.968623038729997	1.02194648382702	2
0.971443583521719	1.01793767802187	2
0.974357292710302	1.01388110565918	2
0.977351530834423	1.0097942119702	2
0.980413616462007	1.00569423832736	2
0.983530877271492	1.00159814683301	2
0.986690700146596	0.99752255194259	2
0.989880576454962	0.993483658975395	2
0.993088142751815	0.989497209276235	2
0.996301217201759	0.985578431722278	2
0.999507832047358	0.981742000220412	2
1.00269626247401	0.978001996808054	2
1.0058550522293	0.974371879952502	2
1.0089730363537	0.970864457637763	2
1.01203936136984	0.96749186483112	2
1.01504350326235	0.964265544932294	2
1.01797528355982	0.961196234823967	2
1.02082488380774	0.95829395316219	2
1.02358285869582	0.955567991567211	2
1.02624014807757	0.953026908398696	2
1.02878808809387	0.950678524823132	2
1.03121842158646	0.948529922904722	2
1.0335233079632	0.946587445474059	2
1.0356953326529	0.944856697550618	2
1.03772751626617	0.943342549115779	2
1.03961332355785	0.942049139052301	2
1.04134667226831	0.940979880084085	2
1.04292194190321	0.940137464566575	2
1.0443339824962	0.939523870993476	2
1.04557812338447	0.939140371099568	2
1.0466501820144	0.938987537452579	2
1.04754647278304	0.939065251439358	2
1.04826381591033	0.939372711563212	2
1.04879954632751	0.939908441980395	2
1.04915152255819	0.940670301214509	2
1.04931813556005	0.941655490998226	2
1.04929831748731	0.942860565202407	2
1.04909155032629	0.944281438823566	2
1.04869787434851	0.945913397011879	2
1.04811789631801	0.947751104133794	2
1.04735279738136	0.949788612875815	2
1.04640434055993	0.952019373409539	2
1.04527487775482	0.954436242652536	2
1.04396735616456	0.957031493675426	2
1.04248532400438	0.959796825322639	2
1.02441230291199	0.977627284500047	2
1.02330318570471	0.979488356760468	2
1.02209971413087	0.981433022657117	2
1.02080597549797	0.983454414675203	2
1.01942642308145	0.985545353059606	2
1.0179658680909	0.987698362479777	2
1.01642947017612	0.989905689890548	2
1.01482272638382	0.992159323673928	2
1.0131514584765	0.994451014148484	2
1.01142179852746	0.996772295532565	2
1.00964017271023	0.999114509445164	2
1.00781328320688	1.00146883002322	2
1.00594808816844	1.00382629072642	2
1.00405177967188	1.00617781288946	2
1.00213175963235	1.00851423606753	2
1.00019561364672	1.01082635020228	2
0.998251082764937	1.0131049296136	2
0.996306033209817	1.01534076879614	2
0.994368424093235	1.01752471996914	2
0.992446273207251	1.01964773229373	2
0.990547621002533	1.0217008926338	2
0.988680492902763	1.02367546769501	2
0.986852860142201	1.02556294733244	2
0.985072599353434	1.02735508877199	2
0.983347451172684	1.0290439614435	2
0.981684978169729	1.03062199207843	2
0.980092522447396	1.03208200968057	2
0.978577163290243	1.03341728993853	2
0.977145675272208	1.03462159861386	2
0.97580448725708	1.03568923341082	2
0.974559642742366	1.03661506381502	2
0.973416762005289	1.03739456837924	2
0.972381006508108	1.0380238689373	2
0.971457046008047	1.03849976124177	2
0.970649028794433	1.03881974154921	2
0.969960555442149	1.03898202871721	2
0.96939465642666	1.03898558143034	2
0.968953773892552	1.03883011023657	2
0.968639747805981	1.03851608415	2
0.968453806653443	1.03804473165712	2
0.968396562776705	1.03741803605177	2
0.968468012358916	1.03663872511369	2
0.968667540002105	1.03571025523582	2
0.968993927763725	1.03463679019292	2
0.969445368452057	1.03342317482601	2
0.970019482918751	1.0320749039914	2
0.970713341033618	1.03059808718736	2
0.971523485982963	1.02899940932462	2
0.972445961499277	1.02728608814757	2
0.973476341607397	1.02546582884057	2
0.974609762460175	1.02354677636888	2
0.975840955834937	1.02153746610576	2
0.977164283869783	1.01944677328833	2
0.978573774634957	1.0172838618252	2
0.980063158157987	1.01505813295023	2
0.981625902550479	1.01277917418175	2
0.983255249918166	1.01045670900464	2
0.984944251772443	1.00810054764834	2
0.986685803699862	1.00572053928619	2
0.988472679084858	1.00332652593352	2
0.990297561718975	1.00092829827453	2
0.99215307716642	0.998535553601601	2
0.994031822790012	0.996157856007597	2
0.995926396373018	0.993804598931002	2
0.997829423300639	0.991484970116986	2
0.999733582289694	0.98920791902463	2
1.00163162967645	0.98698212668155	2
1.0035164222903	0.984815977962284	2
1.00538093895567	0.982717536245781	2
1.00721830067562	0.980694520390051	2
1.00902178955927	0.978754283948153	2
1.01078486656086	0.976903796539011	2
1.01250118810146	0.975149627278689	2
1.01416462164611	0.973497930172354	2
1.01576926030829	0.971954431364045	2
1.01730943655198	0.970524418140042	2
1.01877973505838	0.969212729581963	2
1.02017500482003	0.96802374876735	2
1.02149037052051	0.966961396418309	2
1.02272124325195	0.966029125902402	2
1.02386333061706	0.965229919494364	2
1.02491264625575	0.964566285812255	2
1.02586551883048	0.964040258347022	2
1.02671860049741	0.963653395010257	2
1.02746887488453	0.963406778631018	2
1.02811366459091	0.963301018338833	2
1.02865063821532	0.963336251776498	2
1.02907781691573	0.963512148092885	2
1.02939358049555	0.963827911672701	2
1.02959667300582	0.964282286566997	2
1.0296862078473	0.964873561595222	2
1.02966167235013	0.965599576096625	2
1.02952293180324	0.966457726316091	2
1.02927023290015	0.967444972416691	2
1.02890420656224	0.968557846118744	2
1.02842587009528	0.969792458972589	2
1.0278366286295	0.971144511279955	2
1.0271382757886	0.972609301686404	2
1.02633299352771	0.974181737475031	2
1.02542335107566	0.975856345599248	2
1.01364925142039	0.987459156463058	2
1.0130206485345	0.988507656667889	2
1.01233987810549	0.989602380128069	2
1.01160941730674	0.990739261796658	2
1.01083194418685	0.991914065241229	2
1.01001033021488	0.993122395555395	2
1.00914763198735	0.994359712976125	2
1.00824708208474	0.995621347208219	2
1.00731207906893	0.996902512454405	2
1.00634617661705	0.998198323145817	2
1.00535307179211	0.999503810363202	2
1.00433659245654	1.0008139389339	2
1.00330068384073	1.00212362518355	2
1.00224939428588	1.00342775531467	2
1.00118686018794	1.00472120437634	2
1.00011729017768	1.0059988557811	2
0.999044948580729	1.00725562131574	2
0.997974138210635	1.00848646158306	2
0.996909182557804	1.00968640680159	2
0.99585440744682	1.01085057787963	2
0.9948141222448	1.01197420766929	2
0.993792600713268	1.01305266229587	2
0.992794061605614	1.01408146244726	2
0.991822649121358	1.0150563044988	2
0.990882413336845	1.01597308133954	2
0.989977290739404	1.01682790275849	2
0.989111084998328	1.01761711524269	2
0.98828744811085	1.01833732103427	2
0.987509862064562	1.01898539629046	2
0.986781621159119	1.01955850819005	2
0.986105815129543	1.02005413083093	2
0.985485313210791	1.02047005976748	2
0.984922749278447	1.02080442504299	2
0.984420508193417	1.02105570258124	2
0.983980713469338	1.02122272381318	2
0.983605216370259	1.02130468342824	2
0.983295586533004	1.02130114515638	2
0.983053104193907	1.02121204550498	2
0.982878754083329	1.02103769539441	2
0.982773221034123	1.0207787796575	2
0.982736887332061	1.02043635439004	2
0.982769831817775	1.02001184216162	2
0.982871830731248	1.01950702511907	2
0.983042360271718	1.01892403603626	2
0.983280600828466	1.01826534738516	2
0.983585442821583	1.01753375852297	2
0.983955494076837	1.01673238110777	2
0.984389088645446	1.01586462287134	2
0.984884296968044	1.01493416989147	2
0.985438937272694	1.01394496751706	2
0.986050588089324	1.01290120010841	2
0.986716601757795	1.01180726976049	2
0.987434118803569	1.01066777418102	2
0.988200083053837	1.00948748389548	2
0.989011257367723	1.00827131895032	2
0.989864239856715	1.00702432528121	2
0.990755480475502	1.00575165090831	2
0.991681297868816	1.0044585221126	2
0.992637896366417	1.00315021973884	2
0.993621383025699	1.00183205576071	2
0.994627784629511	1.00050935023293	2
0.995653064555202	0.999187408743604	2
0.996693139439647	0.997871500468441	2
0.997743895573686	0.99656683691651	2
0.998801204968031	0.995278551445388	2
0.999860941040984	0.994011679612075	2
1.00091899388618	0.992771140414947	2
1.00197128508597	0.991561718471449	2
1.00301378204291	0.990388047166389	2
1.00404251180774	0.989254592796517	2
1.00505357438823	0.988165639728745	2
1.00604315552739	0.987125276581767	2
1.00700753894427	0.986137383434193	2
1.00794311803376	0.98520562005634	2
1.00884640702439	0.984333415157785	2
1.00971405159579	0.983523956638467	2
1.01054283895862	0.982780182827541	2
1.01132970740106	0.982104774691326	2
1.01207175530649	0.9815001489895	2
1.01276624964719	0.980968452357043	2
1.01341063395837	0.980511556288429	2
1.01400253579671	0.980131052999981	2
1.01453977368623	0.979828252146232	2
1.01502036355342	0.979604178366453	2
1.01544252465223	0.979459569638211	2
1.01580468497788	0.979394876415782	2
1.01610548616677	0.979410261532557	2
1.01634378787832	0.979505600848086	2
1.01651867165236	0.979680484622124	2
1.01662944423411	0.979934219599903	2
1.01667564035698	0.980265831794887	2
1.01665702497135	0.980674069957327	2
1.01657359490607	0.981157409719103	2
1.01642557994751	0.981714058407511	2
1.0162134433195	0.982341960522774	2
1.01593788154614	0.983038803876198	2
1.015599823678	0.983802026387857	2
1.01520042986158	0.984628823544585	2
1.01474108923048	0.985516156520746	2
1.01422341709677	0.986460760965692	2
1.00726512541116	0.993314716934463	2
1.00692778899501	0.993875394642395	2
1.00656288435973	0.994460496746507	2
1.00617179186451	0.995067786926699	2
1.00575599687907	0.995694939512483	2
1.00531708482206	0.996339547560411	2
1.00485673577213	0.996999131288417	2
1.0043767186595	0.997671146850178	2
1.00387888504823	0.998352995430717	2
1.00336516252122	0.999042032642497	2
1.00283754768285	0.999735578199076	2
1.00229809879627	1.00043092584107	2
1.00174892807545	1.00112535348672	2
1.00119219365443	1.00181613357683	2
1.00063009125936	1.00250054358123	2
1.00006484561164	1.00317587663107	2
0.999498701593374	1.0038394522388	2
0.998933915209281	1.00448862706487	2
0.998372744381881	1.00512080568752	2
0.997817439619612	1.0057334513297	2
0.997270234599959	1.00632409649473	2
0.996733336712061	1.00689035346026	2
0.99620891760538	1.00742992457827	2
0.995699103792768	1.00794061232739	2
0.995205967357799	1.00842032906269	2
0.994731516817246	1.00886710640738	2
0.994277688190321	1.00927910423086	2
0.993846336326438	1.00965461915771	2
0.993439226543002	1.00999209255321	2
0.993058026623963	1.01029011793245	2
0.992704299228477	1.01054744774221	2
0.992379494757276	1.01076299946741	2
0.992084944721877	1.01093586101724	2
0.991821855658926	1.01106529535013	2
0.991591303628583	1.0111507443008	2
0.991394229332005	1.01119183157797	2
0.991231433878736	1.01118836490646	2
0.991103575230216	1.0111403372933	2
0.991011165340665	1.01104792740375	2
0.990954568011472	1.01091149903919	2
0.990933997469879	1.01073159971585	2
0.990949517677325	1.01050895834955	2
0.991001042367392	1.0102444820586	2
0.991088335807911	1.00993925210328	2
0.991211014276528	1.00959451898666	2
0.991368548234019	1.00921169674775	2
0.991560265174855	1.00879235648334	2
0.99178535313007	1.00833821914027	2
0.992042864793444	1.00785114762472	2
0.992331722238369	1.00733313827891	2
0.992650722189576	1.00678631177971	2
0.992998541811212	1.00621290351611	2
0.993373744970548	1.00561525350517	2
0.993774788934882	1.00499579590777	2
0.99420003145798	1.00435704820618	2
0.994647738211674	1.00370160010645	2
0.995116090517935	1.00303210222803	2
0.995603193336866	1.0023512546425	2
0.996107083466653	1.00166179532224	2
0.996625737912311	1.00096648855773	2
0.997157082381342	1.00026811340077	2
0.997698999865855	0.99956945218773	2
0.998249339272378	0.998873279194781	2
0.998805924062479	0.998182349473745	2
0.999366560869329	0.997499387914127	2
0.99992904805738	0.996827078573606	2
1.00049118419454	0.99616805431581	2
1.00105077640834	0.99552488679083	2
1.00160564859978	0.994900076790464	2
1.00215364949056	0.994296045006854	2
1.0026926604815	0.99371512321985	2
1.00322060330188	0.993159545935289	2
1.00373544743114	0.992631442493333	2
1.00423521727634	0.992132829663117	2
1.00471799908988	0.991665604737268	2
1.00518194761403	0.991231539137338	2
1.00562529243944	0.990832272538849	2
1.00604634406644	0.990469307522542	2
1.00644349965877	0.990144004756479	2
1.00681524848002	0.989857578711934	2
1.00716017700424	0.989611093914438	2
1.00747697369241	0.98940546173002	2
1.00776443342709	0.989241437685502	2
1.00802146159809	0.989119619320667	2
1.00824707783212	0.989040444569307	2
1.0084404193598	0.989004190665398	2
1.00860074401351	0.989010973570073	2
1.00872743284965	0.9890607479146	2
1.00881999238918	0.989153307454133	2
1.0088780564702	0.989288286026765	2
1.0089013877065	0.989465159012097	2
1.00888987854619	0.989683245283379	2
1.0088435519245	0.989941709647079	2
1.00876256150516	0.990239565763568	2
1.00864719150484	0.990575679542449	2
1.00849785609563	0.990948773005824	2
1.00831509838066	0.991357428612573	2
1.00809958893869	0.991800094036397	2
1.00785212393388	0.992275087389978	2
1.00757362278775	0.992780602887166	2
1.00000733222967	0.99999324128939	3
1.00000698855369	0.999993810196125	3
1.00000661729709	0.999994403531188	3
1.00000621992503	0.999995018952957	3
1.00000579800577	0.999995654032643	3
1.00000535320444	0.999996306263876	3
1.00000488727645	0.999996973072598	3
1.00000440206061	0.99999765182722	3
1.00000389947185	0.999998339849008	3
1.00000338149366	0.999999034422652	3
1.00000285017026	0.99999973280699	3
1.00000230759853	1.00000043224582	3
1.00000175591977	1.00000112997877	3
1.0000011973112	1.0000018232522	3
1.00000063397738	1.0000025093301	3
1.00000006814155	1.00000318550482	3
0.999999502036795	1.0000038491078	3
0.999998937897271	1.00000449752012	3
0.999998377949382	1.00000512818277	3
0.999997824402986	1.00000573860684	3
0.999997279442677	1.00000632638324	3
0.999996745219165	1.0000068891923	3
0.999996223840786	1.00000742481286	3
0.999995717365182	1.00000793113108	3
0.999995227791182	1.00000840614875	3
0.999994757050909	1.00000884799119	3
0.999994307002162	1.00000925491465	3
0.999993879421075	1.00000962531319	3
0.999993475995118	1.00000995772502	3
0.999993098316427	1.00001025083825	3
0.999992747875528	1.00001050349612	3
0.999992426055451	1.00001071470148	3
0.999992134126274	1.0000108836208	3
0.999991873240106	1.00001100958745	3
0.999991644426547	1.00001109210429	3
0.999991448588619	1.00001113084566	3
0.999991286499205	1.00001112565867	3
0.999991158797997	1.00001107656378	3
0.999991065988975	1.00001098375476	3
0.999991008438413	1.00001084759787	3
0.999990986373436	1.00001066863048	3
0.999990999881126	1.00001044755887	3
0.999991048908173	1.00001018525552	3
0.999991133261091	1.00000988275562	3
0.999991252606975	1.000009541253	3
0.999991406474824	1.00000916209541	3
0.999991594257391	1.00000874677922	3
0.999991815213583	1.00000829694348	3
0.999992068471388	1.0000078143635	3
0.999992353031314	1.0000073009438	3
0.999992667770331	1.00000675871061	3
0.999993011446308	1.00000618980388	3
0.999993382702914	1.00000559646881	3
0.999993780074969	1.00000498104704	3
0.999994201994226	1.00000434596736	3
0.999994646795563	1.00000369373612	3
0.999995112723553	1.0000030269274	3
0.99999559793939	1.00000234817278	3
0.999996100528148	1.00000166015099	3
0.999996618506341	1.00000096557735	3
0.999997149829745	1.00000026719301	3
0.999997692401468	0.999999567754184	3
0.999998244080229	0.999998870021235	3
0.999998802688802	0.999998176747796	3
0.999999366022616	0.9999974906699	3
0.999999931858449	0.999996814495183	3
1.00000049796321	0.999996150892199	3
1.00000106210273	0.999995502479885	3
1.00000162205062	0.999994871817228	3
1.00000217559701	0.999994261393165	3
1.00000272055732	0.999993673616762	3
1.00000325478083	0.999993110807704	3
1.00000377615921	0.99999257518714	3
1.00000428263482	0.99999206886892	3
1.00000477220882	0.999991593851251	3
1.00000524294909	0.999991152008811	3
1.00000569299784	0.99999074508535	3
1.00000612057893	0.999990374686809	3
1.00000652400488	0.999990042274982	3
1.00000690168357	0.999989749161745	3
1.00000725212447	0.999989496503885	3
1.00000757394455	0.999989285298525	3
1.00000786587373	0.999989116379197	3
1.00000812675989	0.999988990412547	3
1.00000835557345	0.99998890789571	3
1.00000855141138	0.999988869154341	3
1.0000087135008	0.999988874341334	3
1.000008841202	0.99998892343622	3
1.00000893401102	0.999989016245242	3
1.00000899156159	0.999989152402126	3
1.00000901362656	0.999989331369523	3
1.00000900011887	0.999989552441131	3
1.00000895109183	0.99998981474448	3
1.00000886673891	0.99999011724438	3
1.00000874739302	0.999990458747001	3
1.00000859352518	0.999990837904589	3
1.00000840574261	0.999991253220782	3
1.00000818478642	0.999991703056516	3
1.00000793152861	0.999992185636495	3
1.00000764696869	0.999992699056198	3
2.09984178267241	-0.0138133502282669	3
2.04829004235072	0.071523228936872	3
1.99260118015004	0.160524081736709	3
1.93299497456766	0.252837962465865	3
1.86970666406551	0.348100550411303	3
1.80298601869148	0.445935887659738	3
1.73309635435108	0.545957862831765	3
1.66031349361993	0.647771734887074	3
1.58492467719801	0.750975690986997	3
1.50722743030185	0.855162432266208	3
1.42752838846845	0.959920781255274	3
1.34614208740492	1.06483730461027	3
1.26338972165967	1.16949794474532	3
1.17959787701435	1.27348965392871	3
1.09509724159892	1.37640202439357	3
1.0102213008167	1.47782890802988	3
0.572471611531546	1.04007921874473	3
0.653857912595082	0.935162695389727	3
0.736610278340327	0.830502055254679	3
0.820402122985647	0.726510346071294	3
0.904902758401076	0.623597975606429	3
0.989778699183298	0.522171091970118	3
1.07469497877018	0.422629980734537	3
1.15931647140074	0.325367485189727	3
1.24330921470346	0.230767455970592	3
1.32634172769314	0.139203236173823	3
1.40808631897498	0.0510361879432411	3
1.48822037999273	-0.0333857336614807	3
1.56642765821732	-0.113729353884473	3
1.64239950525111	-0.189677593162226	3
1.71583609492209	-0.260930718491762	3
1.78644760656082	-0.327207526339859	3
1.85395536879018	-0.388246452424934	3
1.91809295931403	-0.443806603991765	3
1.97860725636424	-0.493668710505133	3
2.03525943765671	-0.537635989010463	3
2.0878259229138	-0.575534920746229	3
2.13609925623354	-0.607215935943248	3
2.1798889248233	-0.632554004108215	3
2.21902211086676	-0.651449127461947	3
2.25334437355686	-0.663826735584925	3
2.28272025860311	-0.66963797971268	3
2.30703383280779	-0.668859925519546	3
2.32618914160134	-0.661495643629962	3
2.34011058773117	-0.647574197500127	3
2.34874322960952	-0.627150528717811	3
2.35205299814277	-0.600305240173011	3
2.35002683118662	-0.567144277955169	3
2.34267272509635	-0.527798513232356	3
2.33001970316896	-0.48242322576256	3
2.31211770110136	-0.431197491075431	3
2.28903736991706	-0.374323473742966	3
2.26086979713887	-0.312025629528309	3
2.22772614730798	-0.244549819561396	3
2.18973722326839	-0.172162340037404	3
2.1470529499478	-0.095148871267317	3
3.19967623311514	-1.02761994174592	3
3.09657309614775	-0.856947352322382	3
2.985195743003	-0.678946240057771	3
2.86598372921028	-0.494319094021227	3
2.73940753012524	-0.303794553210037	3
2.60596668417851	-0.1081245309444	3
2.46618782142572	0.0919187525909321	3
2.32062258517926	0.295545817946928	3
2.16984545492416	0.501953042124986	3
2.01445147911003	0.710325830109764	3
1.85505392676665	0.919841829703559	3
1.6922818672113	1.12967417697473	3
1.52677768739957	1.33899475951188	3
1.35919455671751	1.54697748460521	3
0.473222312600426	0.661005240488124	3
0.640805443282491	0.453022515394794	3
0.809806150779536	0.247198460542958	3
0.979557466508148	0.0443453694450535	3
3.29409825292691	-1.19029044159083	3
3.97779030585596	-1.51841656185225	3
3.7989724838529	-1.24147615050832	3
3.60910839618498	-0.955689656831377	3
3.40894734966555	-0.662184949548539	3
3.19927928850036	-0.362120357649901	3
2.98093167673858	-0.0566800989932177	3
2.75476623265032	0.252930393262975	3
2.52167552791822	0.56548922795332	3
2.28257946506485	0.879762878151845	3
2.03842164701769	1.19451104933919	3
1.79016565313947	1.50849157427843	3
1.53879123642066	1.82046531528171	3
4.73196123849553	-1.98863320699541	3
4.47880926224471	-1.60758476045272	3
4.21192801515259	-1.21624536815268	3
3.93237075557499	-0.816159467890735	3
3.64124076829791	-0.408906015933364	3
3.33968701037648	0.00390774440096386	3
3.02889957672641	0.420652625796877	3
2.71010500336305	0.839683926600129	3
2.38456142682408	1.25934792170364	3
2.05355361887937	1.67798838904499	3
1.71838791612382	2.09395314595821	3
5.34851012830445	-2.25947986407406	3
5.01490868063963	-1.77030578675681	3
4.66546222264963	-1.27019857813157	3
4.30154985985723	-0.76113193287351	3
3.92460778810263	-0.245114904461048	3
3.5361236255346	0.275816023640432	3
3.13763054166125	0.799604975048413	3
2.73070120663046	1.3241847940681	3
2.31694158461927	1.84748520381155	3
1.89798459582698	2.36744097663471	3
5.81788934612667	-2.32436620536095	3
5.39855368972427	-1.7242376883724	3
4.96185895141656	-1.11335784981366	3
4.50952856582879	-0.494137553323059	3
4.04334767434278	0.130979421483986	3
3.56515607995945	0.759526023496699	3
3.07684098643685	1.38902166643256	3
2.58032955035918	2.0169820185781	3
6.62087001161371	-2.87842662396509	3
6.13164515679891	-2.17827679861324	3
5.62216804297588	-1.4655837667538	3
5.09444934355494	-0.743160202185069	3
4.55057172315097	-0.0138571806724572	3
3.99268161825764	0.719447071944985	3
3.42298076624323	1.45385853879701	3
2.84371751609908	2.18647883334466	3
7.42385067710075	-3.43248704256923	3
6.86473662387354	-2.63231590885407	3
6.2824771345352	-1.81780968369395	3
5.6793701212811	-0.99218285104708	3
5.05779577195916	-0.158693782828902	3
4.42020715655584	0.679368120393268	3
3.76912054604962	1.51869541116147	3
3.10710548183898	2.35597564811121	3
7.59782809094818	-3.0863550190949	3
6.94278622609453	-2.17003560063409	3
6.26429089900725	-1.24120549990909	3
5.56501982076735	-0.303530384985345	3
4.84773269485404	0.639289168841553	3
4.115260325856	1.58353228352593	3
3.37049344757888	2.52547246287777	3
1.14912861462073	0.862536064018062	3
1.14213866412368	0.874106933599364	3
1.13458775725632	0.886174645598679	3
1.12650569399837	0.898691574269957	3
1.11792437056116	0.911608321014175	3
1.10887765350786	0.924873909333033	3
1.09940124609764	0.938435986009907	3
1.08953254738117	0.952241027724078	3
1.07931050460373	0.966234552282822	3
1.06877545949814	0.980361333637741	3
1.05796898907443	0.994565619836737	3
1.04693374153435	1.00879135305151	3
1.03571326795842	1.02298239081217	3
1.0243518504297	1.03708272757595	3
1.01289432727264	1.05103671575548	3
1.00138591609669	1.06478928533438	3
0.98987203534307	1.07828616120347	3
0.978398125038925	1.09147407735983	3
0.967009467466294	1.10430098712339	3
0.955751008453633	1.11671626854136	3
0.944667179995163	1.12867092416999	3
0.933801724898092	1.14011777444507	3
0.923197524149734	1.15101164387814	3
0.912896427685842	1.16130953934349	3
0.902939089228037	1.17097081975236	3
0.893364805842138	1.1799573564448	3
0.884211362850593	1.18823368366606	3
0.875514884711081	1.19576713853367	3
0.867309692449774	1.20252798994299	3
0.859628168211933	1.20848955590224	3
0.852500627464369	1.21362830883417	3
0.845955199354151	1.21792396842861	3
0.840017715695706	1.22135958167966	3
0.834711609024457	1.2239215897914	3
0.830057820119306	1.22559988168827	3
0.826074715358946	1.22638783391889	3
0.822778014238161	1.22628233679581	3
0.820180727330154	1.22528380666796	3
0.818293104939763	1.22339618427756	3
0.817122596650192	1.22062691920784	3
0.816673821922903	1.21698694048285	3
0.816948551866722	1.21249061343568	3
0.81794570224807	1.20715568301501	3
0.819661337769948	1.20100320375391	3
0.82208868760275	1.19405745667721	3
0.825218172105637	1.18634585347544	3
0.829037440633002	1.17789882832331	3
0.833531420276824	1.16874971777004	3
0.838682375352553	1.15893462917514	3
0.844469977393754	1.14849229820922	3
0.850871385379273	1.13746393598194	3
0.857861335876316	1.12589306640064	3
0.865412242743678	1.11382535440132	3
0.873494306001632	1.10130842573004	3
0.882075629438844	1.08839167898583	3
0.89112234649214	1.07512609066697	3
0.900598753902364	1.06156401399009	3
0.910467452618825	1.04775897227592	3
0.92068949539627	1.03376544771718	3
0.931224540501862	1.01963866636226	3
0.942031010925575	1.00543438016326	3
0.953066258465653	0.991208646948493	3
0.96428673204158	0.977017609187831	3
0.975648149570299	0.962917272424048	3
0.987105672727362	0.948963284244521	3
0.998614083903311	0.935210714665624	3
1.01012796465693	0.921713838796532	3
1.02160187496107	0.908525922640166	3
1.03299053253371	0.895699012876608	3
1.04424899154637	0.883283731458638	3
1.05533282000484	0.871329075830009	3
1.06619827510191	0.859882225554926	3
1.07680247585027	0.848988356121855	3
1.08710357231416	0.838690460656514	3
1.09706091077196	0.829029180247643	3
1.10663519415786	0.820042643555197	3
1.11578863714941	0.811766316333943	3
1.12448511528892	0.804232861466329	3
1.13269030755023	0.797472010057009	3
1.14037183178807	0.791510444097757	3
1.14749937253563	0.786371691165832	3
1.15404480064585	0.782076031571386	3
1.15998228430429	0.778640418320337	3
1.16528839097554	0.776078410208603	3
1.16994217988069	0.774400118311734	3
1.17392528464105	0.773612166081105	3
1.17722198576184	0.773717663204192	3
1.17981927266985	0.774716193332045	3
1.18170689506024	0.776603815722435	3
1.18287740334981	0.779373080792161	3
1.1833261780771	0.783013059517148	3
1.18305144813328	0.787509386564318	3
1.18205429775193	0.79284431698499	3
1.18033866223005	0.798996796246094	3
1.17791131239725	0.805942543322786	3
1.17478182789436	0.813654146524564	3
1.170962559367	0.822101171676688	3
1.16646857972318	0.831250282229959	3
1.16131762464745	0.841065370824857	3
1.15553002260625	0.851507701790783	3
1.09755085018036	0.910079471613939	3
1.09297845060809	0.917648429240568	3
1.08803910756908	0.92554239089413	3
1.08275231439374	0.933730202714387	3
1.07713893563943	0.94217955114874	3
1.07122112474757	0.950857090479059	3
1.06502223661417	0.959728574421996	3
1.05856673541869	0.968758991283426	3
1.0518800980751	0.977912702133601	3
1.04498871368618	0.987153581457729	3
1.03791977939773	0.996445159726872	3
1.03070119306389	1.00575076732652	3
1.02336144314707	1.01503367927481	3
1.01592949628697	1.02425726015923	3
1.00843468298253	1.0333851087199	3
1.00090658183779	1.04238120150865	3
0.993374902828723	1.05121003505717	3
0.985869370051468	1.05983676599297	3
0.978419604414949	1.06822734855021	3
0.971055006740658	1.07634866893283	3
0.963804641731054	1.08416867599956	3
0.95669712326445	1.09165650775514	3
0.949760501469119	1.09878261314847	3
0.943022152022246	1.1055188686972	3
0.936508668110639	1.11183868947816	3
0.930245755479568	1.11771713404599	3
0.924258130983936	1.12313100286558	3
0.918569425042142	1.12805892987007	3
0.913202088377616	1.13248146678292	3
0.90817730341607	1.1363811598714	3
0.903514900688141	1.1397426188285	3
0.899233280567346	1.14255257751141	3
0.895349340652217	1.14479994629696	3
0.891878409079196	1.14647585584727	3
0.888834184029482	1.14757369211302	3
0.886228679668574	1.14808912243599	3
0.884072178731843	1.1480201126482	3
0.882373191943272	1.14736693509975	3
0.881138424427525	1.146132167584	3
0.880372749247874	1.14432068316423	3
0.880079188174448	1.14193963094187	3
0.880258899758691	1.13899840784222	3
0.880911174761082	1.13550862152916	3
0.882033438950181	1.13148404459492	3
0.883621263261949	1.12694056020601	3
0.885668381279234	1.12189609941959	3
0.888166713962462	1.1163705704178	3
0.891106401533912	1.11038577993922	3
0.894475842389755	1.10396534721768	3
0.898261738886283	1.09713461076793	3
0.902449149819637	1.08992052838606	3
0.907021549391909	1.08235157075943	3
0.911960892430917	1.07445760910587	3
0.917247685606258	1.06626979728561	3
0.922861064360574	1.05782044885126	3
0.928778875252433	1.04914290952094	3
0.934977763385832	1.040271425578	3
0.941433264581314	1.03124100871657	3
0.948119901924897	1.0220872978664	3
0.955011286313821	1.01284641854227	3
0.962080220602275	1.00355484027313	3
0.969298806936113	0.994249232673479	3
0.976638556852933	0.984966320725192	3
0.984070503713026	0.975742739840768	3
0.99156531701747	0.966614891280104	3
0.999093418162205	0.957618798491352	3
1.00662509717128	0.948789964942826	3
1.01413062994853	0.940163234007031	3
1.02158039558505	0.931772651449792	3
1.02894499325934	0.92365133106717	3
1.03619535826895	0.915831324000437	3
1.04330287673555	0.908343492244864	3
1.05023949853088	0.901217386851526	3
1.05697784797775	0.894481131302801	3
1.06349133188936	0.888161310521838	3
1.06975424452043	0.882282865954009	3
1.07574186901606	0.876868997134416	3
1.08143057495786	0.871941070129929	3
1.08679791162238	0.86751853321708	3
1.09182269658393	0.863618840128597	3
1.09648509931186	0.860257381171502	3
1.10076671943265	0.857447422488593	3
1.10465065934778	0.855200053703044	3
1.1081215909208	0.853524144152726	3
1.11116581597052	0.852426307886984	3
1.11377132033143	0.851910877564006	3
1.11592782126816	0.851979887351797	3
1.11762680805673	0.852633064900255	3
1.11886157557248	0.853867832416002	3
1.11962725075213	0.855679316835767	3
1.11992081182555	0.858060369058132	3
1.11974110024131	0.861001592157775	3
1.11908882523892	0.86449137847084	3
1.11796656104982	0.868515955405081	3
1.11637873673805	0.873059439793991	3
1.11433161872077	0.878103900580408	3
1.11183328603754	0.883629429582205	3
1.10889359846609	0.889614220060784	3
1.10552415761025	0.896034652782317	3
1.10173826111372	0.902865389232069	3
1.06493390135241	0.940145158048534	3
1.06189032210916	0.945183370908384	3
1.05860249003956	0.950437919959923	3
1.05508338071469	0.95588806789862	3
1.05134688245135	0.961512305480497	3
1.04740774150113	0.967288436409287	3
1.04328150385374	0.973193664935077	3
1.03898445388408	0.979204685818719	3
1.03453355008525	0.98529777630696	3
1.0299463581411	0.991448889755309	3
1.02524098160256	0.997633750529165	3
1.02043599044115	1.00382794980864	3
1.01555034776178	1.01000704191905	3
1.01060333496407	1.01614664080679	3
1.00561447564746	1.02222251627996	3
1.00060345856048	1.02821068963388	3
0.995590059898254	1.03408752828405	3
0.990594065254902	1.03982983903319	3
0.985635191538825	1.04541495960419	3
0.980733009159089	1.05082084807775	3
0.97590686478995	1.05602616988179	3
0.971175805018379	1.06101038198923	3
0.966558501175879	1.06575381399195	3
0.962073175651269	1.0702377457309	3
0.957737529975247	1.07444448117603	3
0.953568674960526	1.0783574182644	3
0.949583063173281	1.08196111442098	3
0.945796424002384	1.08524134750342	3
0.942223701582691	1.08818517193032	3
0.938878995817371	1.09078096977159	3
0.935775506732029	1.09301849659905	3
0.932925482380236	1.09488892191655	3
0.930340170506057	1.09638486400986	3
0.92802977415434	1.09750041907898	3
0.926003411403968	1.0982311845377	3
0.924269079382959	1.09857427638861	3
0.922833622707459	1.09852834060492	3
0.921702706469168	1.09809355847418	3
0.920880793877812	1.09727164588282	3
0.920371128646894	1.09606584654436	3
0.920175722192235	1.09448091919789	3
0.92029534569384	1.09252311882758	3
0.920729527052398	1.09020017197704	3
0.921476552752447	1.08752124625625	3
0.92253347462483	1.08449691416114	3
0.923896121481782	1.0811391113488	3
0.925559115578689	1.07746108953291	3
0.927515893837602	1.07347736418523	3
0.9297587337487	1.06920365724973	3
0.93227878384751	1.06465683509521	3
0.935066098647593	1.05985484195147	3
0.938109677890835	1.05481662909162	3
0.941397509960445	1.04956208004008	3
0.944916619285309	1.04411193210138	3
0.948653117548652	1.0384876945195	3
0.952592258498871	1.03271156359071	3
0.956718496146257	1.02680633506492	3
0.961015546115916	1.02079531418128	3
0.965466449914754	1.01470222369304	3
0.970053641858899	1.00855111024469	3
0.974759018397437	1.00236624947084	3
0.979564009558853	0.996172050191356	3
0.984449652238224	0.989992958080947	3
0.989396665035933	0.98385335919321	3
0.994385524352542	0.977777483720039	3
0.999396541439522	0.971789310366123	3
1.00440994010175	0.965912471715954	3
1.0094059347451	0.960170160966812	3
1.01436480846117	0.95458504039581	3
1.01926699084091	0.949179151922246	3
1.02409313521005	0.943973830118207	3
1.02882419498162	0.938989618010769	3
1.03344149882412	0.934246186008051	3
1.03792682434873	0.929762254269099	3
1.04226247002475	0.925555518823972	3
1.04643132503947	0.9216425817356	3
1.05041693682672	0.918038885579017	3
1.05420357599762	0.914758652496583	3
1.05777629841731	0.911814828069678	3
1.06112100418263	0.909219030228408	3
1.06422449326797	0.906981503400948	3
1.06707451761976	0.905111078083454	3
1.06965982949394	0.903615135990141	3
1.07197022584566	0.902499580921018	3
1.07399658859603	0.901768815462296	3
1.07573092061704	0.901425723611386	3
1.07716637729254	0.901471659395077	3
1.07829729353083	0.901906441525819	3
1.07911920612219	0.902728354117175	3
1.07962887135311	0.903934153455642	3
1.07982427780777	0.90551908080211	3
1.07970465430616	0.907476881172425	3
1.0792704729476	0.90979982802296	3
1.07852344724755	0.912478753743751	3
1.07746652537517	0.91550308583886	3
1.07610387851822	0.918860888651196	3
1.07444088442131	0.922538910467091	3
1.0724841061624	0.926522635814767	3
1.0702412662513	0.930796342750268	3
1.06772121615249	0.935343164904789	3
1.04213486264176	0.961160880656435	3
1.04015991903476	0.964430119103355	3
1.03802648257466	0.96783973561984	3
1.03574297296048	0.971376274007207	3
1.03331840216143	0.975025777164131	3
1.03076233885079	0.978773842168951	3
1.02808487064267	0.982605677121421	3
1.02529656428089	0.986506159519583	3
1.02240842393679	0.990459895941371	3
1.01943184778084	0.99445128279542	3
1.01637858299928	0.998464567901308	3
1.01326067943327	1.00248391265622	3
1.01009044202378	1.00649345454266	3
1.00688038224949	1.01047736973061	3
1.00364316874982	1.01441993552688	3
1.0003915773275	1.01830559242547	3
0.997138440528361	1.02211900551378	3
0.993896596997134	1.02584512499255	3
0.99067884080918	1.02946924557048	3
0.987497870978119	1.03297706449937	3
0.984366241338629	1.03635473802046	3
0.98129631100219	1.03958893599949	3
0.978300195581322	1.04266689453459	3
0.975389719374797	1.04557646632961	3
0.972576368702533	1.04830616863394	3
0.969871246574333	1.05084522855966	3
0.967285028871387	1.05318362559723	3
0.964827922213437	1.05531213116185	3
0.962509623677917	1.05722234501449	3
0.960339282530016	1.05890672841376	3
0.958325464114711	1.0603586338679	3
0.956476116053261	1.0615723313694	3
0.954798536877577	1.06254303100871	3
0.953299347226254	1.06326690187782	3
0.95198446371593	1.06374108718912	3
0.950859075591106	1.06396371554982	3
0.949927624244572	1.06393390834748	3
0.949193785689253	1.06365178321752	3
0.948660456050666	1.06311845357893	3
0.94832974013724	1.06233602424015	3
0.948202943133597	1.06130758309231	3
0.948280565449581	1.06003718892277	3
0.948562300745374	1.05852985539694	3
0.949047037140475	1.05679153127161	3
0.949732861601788	1.05482907691793	3
0.950617067493488	1.05265023724668	3
0.951696165258875	1.05026361114262	3
0.952965896192062	1.04767861752863	3
0.954421249245141	1.04490545819356	3
0.956056480804499	1.04195507753034	3
0.957865137358238	1.03883911934356	3
0.959840080965236	1.03556988089665	3
0.961973517425342	1.03216026438016	3
0.964257027039523	1.02862372599279	3
0.966681597838568	1.02497422283587	3
0.969237661149215	1.02122615783105	3
0.971915129357329	1.01739432287858	3
0.974703435719113	1.01349384048042	3
0.977591576063213	1.00954010405863	3
0.980568152219156	1.00554871720458	3
0.983621417000723	1.00153543209869	3
0.986739320566726	0.997516087343783	3
0.989909557976224	0.993506545457337	3
0.993119617750505	0.989522630269393	3
0.996356831250177	0.985580064473121	3
0.9996084226725	0.981694407574531	3
1.00286155947164	0.977880994486215	3
1.00610340300287	0.97415487500745	3
1.00932115919082	0.970530754429516	3
1.01250212902188	0.96702293550063	3
1.01563375866137	0.963645261979537	3
1.01870368899781	0.96041106400051	3
1.02169980441868	0.957333105465409	3
1.0246102806252	0.954423533670385	3
1.02742363129747	0.951693831366058	3
1.03012875342567	0.94915477144034	3
1.03271497112861	0.946816374402771	3
1.03517207778656	0.944687868838147	3
1.03749037632208	0.94277765498551	3
1.03966071746998	0.941093271586243	3
1.04167453588529	0.9396413661321	3
1.04352388394674	0.938427668630597	3
1.04520146312242	0.937456968991287	3
1.04670065277375	0.936733098122175	3
1.04801553628407	0.936258912810877	3
1.04914092440889	0.936036284450181	3
1.05007237575543	0.936066091652519	3
1.05080621431075	0.93634821678248	3
1.05133954394933	0.936881546421067	3
1.05167025986276	0.937663975759851	3
1.0517970568664	0.938692416907691	3
1.05171943455042	0.939962811077226	3
1.05143769925463	0.941470144603056	3
1.05095296285953	0.94320846872839	3
1.05026713839821	0.945170923082071	3
1.04938293250651	0.947349762753324	3
1.04830383474113	0.949736388857385	3
1.04703410380794	0.952321382471365	3
1.04557875075486	0.955094541806443	3
1.0439435191955	0.958044922469659	3
1.02487934783945	0.977066687789108	3
1.02371320403641	0.97899707311355	3
1.02245347505057	0.981010347395088	3
1.02110513245671	0.98309856515991	3
1.01967349754708	0.985253485166515	3
1.01816422033058	0.987466602930126	3
1.01658325723489	0.989729184286007	3
1.01493684759906	0.992032299859223	3
1.01323148904975	0.994366860304798	3
1.01147391185806	0.996723652179213	3
1.00967105237819	0.999093374301656	3
1.00783002567287	1.00146667446153	3
1.00595809743342	1.00383418632737	3
1.00406265530539	1.00618656641144	3
1.00215117973293	1.00851453094427	3
1.00023121443684	1.01080889251337	3
0.998310336642996	1.01306059632184	3
0.996396127178491	1.01526075592344	3
0.99449614055356	1.0174006882934	3
0.992617875147389	1.01947194809627	3
0.99076874361544	1.0214663610159	3
0.988956043635081	1.02337605601564	3
0.98718692910499	1.0251934964018	3
0.985468381911987	1.02691150956747	3
0.983807184376712	1.02852331529957	3
0.982209892486909	1.03002255253725	3
0.980682810023933	1.03140330447607	3
0.979231963684608	1.03266012191893	3
0.977863079296606	1.03378804478156	3
0.976581559221223	1.03478262166773	3
0.975392461032727	1.03563992743684	3
0.974300477558419	1.0363565786947	3
0.973309918358193	1.03692974714618	3
0.972424692716669	1.03735717075728	3
0.971648294215032	1.03763716268227	3
0.970983786943467	1.03776861792093	3
0.970433793408589	1.03775101767951	3
0.970000484183612	1.03758443141809	3
0.969685569342087	1.03726951657657	3
0.969490291709024	1.03680751597994	3
0.969415421956024	1.03620025293349	3
0.9694612555598	1.03545012402704	3
0.969627611636057	1.03456008967667	3
0.969913833653361	1.03353366244135	3
0.970318792024173	1.03237489316045	3
0.970840888562812	1.03108835496693	3
0.971478062792762	1.02967912523927	3
0.972227800078437	1.02815276556339	3
0.97308714154929	1.02651529978361	3
0.974052695777133	1.02477319022927	3
0.975120652160547	1.02293331221089	3
0.976286795963591	1.02100292688645	3
0.977546524949435	1.01898965260491	3
0.978894867543285	1.01690143484009	3
0.980326502452925	1.01474651483349	3
0.981835779669417	1.01253339706987	3
0.983416742765111	1.01027081571399	3
0.985063152400941	1.00796770014078	3
0.986768510950249	1.0056331396952	3
0.988526088141943	1.00327634782079	3
0.990328947621809	1.00090662569834	3
0.992169974327129	0.998533325538468	3
0.994041902566581	0.996165813672631	3
0.995937344694607	0.993813433588556	3
0.997848820267072	0.991485469055733	3
0.999768785563163	0.989191107486628	3
1.001689663357	0.98693940367816	3
1.00360387282151	0.984739244076556	3
1.00550385944644	0.982599311706605	3
1.00738212485261	0.980528051903729	3
1.00923125638456	0.978533638984103	3
1.01104395636492	0.976623943984359	3
1.01281307089501	0.974806503598205	3
1.01453161808801	0.973088490432535	3
1.01619281562329	0.971476684700428	3
1.01779010751309	0.969977447462746	3
1.01931718997607	0.968596695523929	3
1.02076803631539	0.967339878081073	3
1.02213692070339	0.966211955218441	3
1.02341844077878	0.965217378332273	3
1.02460753896727	0.964360072563159	3
1.02569952244158	0.963643421305304	3
1.02669008164181	0.963070252853816	3
1.02757530728333	0.962642829242718	3
1.02835170578497	0.96236283731773	3
1.02901621305653	0.962231382079066	3
1.02956620659141	0.962248982320495	3
1.02999951581639	0.962415568581905	3
1.03031443065791	0.96273048342343	3
1.03050970829098	0.96319248402006	3
1.03058457804398	0.963799747066508	3
1.0305387444402	0.964549875972962	3
1.03037238836394	0.96543991032333	3
1.03008616634664	0.966466337558649	3
1.02968120797583	0.96762510683955	3
1.02915911143719	0.968911645033074	3
1.02852193720724	0.970320874760734	3
1.02777219992156	0.971847234436611	3
1.02691285845071	0.973484700216391	3
1.02594730422287	0.97522680977073	3
1.01379560323317	0.987283473902714	3
1.01314897626676	0.988353872941908	3
1.01245045629823	0.989470233923991	3
1.01170280006675	0.990628151082184	3
1.01090895822992	0.991823054646465	3
1.01007206371878	0.993050228878365	3
1.00919541937363	0.994304830681834	3
1.0082824849092	0.995581908716726	3
1.00733686326074	0.99687642293948	3
1.00636228636488	0.998183264493864	3
1.0053626004314	0.999497275873304	3
1.00434175076395	1.0008132712752	3
1.00330376618979	1.00212605706692	3
1.00225274315983	1.0034304522827	3
1.0011928295818	1.00472130907054	3
1.00012820845036	1.00599353300845	3
0.999063081338736	1.00724210320975	3
0.998001651817034	1.00846209213829	3
0.996948108862652	1.00964868505512	3
0.995906610328313	1.01079719902011	3
0.994881266532915	1.01190310137333	3
0.993876124039986	1.01296202762344	3
0.992895149687737	1.01396979867231	3
0.991942214933775	1.01492243730801	3
0.991021080576216	1.01581618390107	3
0.990135381911545	1.016647511242	3
0.989288614387754	1.01741313846158	3
0.988484119809408	1.01811004397896	3
0.987725073149069	1.01873547742645	3
0.98701447001713	1.01928697050396	3
0.986355114839509	1.01976234672028	3
0.985749609789861	1.02015972998264	3
0.985200344519989	1.02047755200087	3
0.984709486728977	1.02071455847665	3
0.984278973608274	1.02086981405371	3
0.983910504196487	1.0209427060092	3
0.983605532674043	1.0209329466719	3
0.983365262624216	1.02084057455743	3
0.983190642283123	1.02066595421633	3
0.983082360797473	1.02040977479532	3
0.983040845504821	1.02007304731754	3
0.983066260247061	1.01965710069249	3
0.983158504723815	1.01916357647149	3
0.983317214888278	1.01859442236916	3
0.983541764383937	1.01795188457672	3
0.983831267016521	1.01723849889729	3
0.984184580251398	1.01645708073823	3
0.984600309722646	1.01561071400003	3
0.985076814735968	1.01470273890552	3
0.985612214743773	1.0137367388176	3
0.986204396766831	1.01271652609729	3
0.986851023733238	1.01164612705809	3
0.987549543701774	1.01052976607601	3
0.988297199933247	1.00937184891782	3
0.989091041770083	1.00817694535354	3
0.989927936281223	1.00694977112164	3
0.990804580626373	1.00569516931817	3
0.991717515090803	1.00441809128327	3
0.992663136739262	1.00312357706052	3
0.993637713635118	1.00181673550614	3
0.994637399568604	1.0005027241267	3
0.995658249236053	0.999186728724801	3
0.99669623381021	0.997873942933081	3
0.997747256840171	0.9965695477173	3
0.998807170418203	0.995278690929455	3
0.999871791549643	0.994006466991551	3
1.00093691866126	0.992757896790246	3
1.00199834818297	0.991537907861708	3
1.00305189113735	0.990351314944877	3
1.00409338967169	0.989202800979894	3
1.00511873346708	0.988096898626672	3
1.00612387596001	0.987037972376562	3
1.00710485031226	0.986030201327693	3
1.00805778506623	0.985077562691991	3
1.00897891942378	0.98418381609893	3
1.00986461808845	0.983352488758	3
1.01071138561225	0.982586861538417	3
1.01151588019059	0.981889956021035	3
1.01227492685093	0.981264522573548	3
1.01298552998287	0.980713029496036	3
1.01364488516049	0.980237653279725	3
1.01425039021014	0.979840270017361	3
1.01479965548001	0.979522447999135	3
1.01529051327102	0.979285441523352	3
1.01572102639173	0.979130185946295	3
1.01608949580351	0.979057293990797	3
1.01639446732596	0.979067053328104	3
1.01663473737578	0.979159425442573	3
1.01680935771688	0.979334045783666	3
1.01691763920253	0.979590225204675	3
1.01695915449518	0.979926952682462	3
1.01693373975294	0.980342899307508	3
1.01684149527618	0.980836423528513	3
1.01668278511172	0.981405577630845	3
1.01645823561606	0.982048115423284	3
1.01616873298348	0.982761501102713	3
1.0158154197486	0.983542919261767	3
1.01539969027735	0.984389285999971	3
1.01492318526403	0.985297261094475	3
1.01438778525623	0.986263261182398	3
1.0073066481091	0.993264869988461	3
1.00696417118935	0.993831791853603	3
1.00659420986754	0.994423056818312	3
1.00619822421199	0.995036331429897	3
1.00577777699718	0.995669195373644	3
1.00533452753618	0.996319151024694	3
1.0048702251321	0.99698363330503	3
1.00438670217442	0.997660019806663	3
1.00388586690735	0.998345641141085	3
1.00336969589889	0.999037791474119	3
1.00284022624018	0.999733739204612	3
1.00229954750607	1.00043073774482	3
1.00174979350852	1.00112603635994	3
1.0011931338754	1.00181689102398	3
1.00063176548796	1.00250057524921	3
1.00006790381077	1.00317439084633	3
0.999503774148256	1.00383567857303	3
0.998941602862477	1.00448182862875	3
0.998383608586665	1.00511029095442	3
0.997831993469302	1.00571858529637	3
0.997288934483248	1.00630431099473	3
0.99675657483422	1.00686515645776	3
0.996237015502542	1.00739890828464	3
0.99573230695153	1.00790346000076	3
0.995244441035259	1.008376820371	3
0.994775343137612	1.00881712125825	3
0.994326864573683	1.00922262499605	3
0.993900775283472	1.0095917312464	3
0.993498756846746	1.00992298331557	3
0.993122395846611	1.01021507390298	3
0.992773177607991	1.01046685026051	3
0.992452480335732	1.01067731874191	3
0.992161569675453	1.01084564872425	3
0.991901593718627	1.01097117588597	3
0.991673578471584	1.01105340482873	3
0.991478423806333	1.01109201103244	3
0.991316899909181	1.01108684213607	3
0.991189644241156	1.01103791853888	3
0.991097159022243	1.01094543331997	3
0.991039809249348	1.01080975147624	3
0.991017821255824	1.01063140848193	3
0.991031281818235	1.01041110817538	3
0.991080137813893	1.01014971998124	3
0.991164196430502	1.0098482754793	3
0.991283125927105	1.00950796433329	3
0.991436456943313	1.00913012959583	3
0.991623584351655	1.00871626240802	3
0.991843769645741	1.00826799611457	3
0.992096143854807	1.00778709981774	3
0.992379710973151	1.00727547139551	3
0.992693351890904	1.00673513001154	3
0.993035828810654	1.0061682081464	3
0.993405790132461	1.00557694318169	3
0.993801775788008	1.0049636685701	3
0.99422222300282	1.00433080462636	3
0.994665472463824	1.00368084897531	3
0.995129774867901	1.00301636669497	3
0.995613297825579	1.00233998019334	3
0.996114133092646	1.00165435885891	3
0.996630304101112	1.00096220852588	3
0.997159773759824	1.00026626079539	3
0.99770045249393	0.999569262255178	3
0.99825020649148	0.998873963640061	3
0.998806866124602	0.99818310897602	3
0.99936823451204	0.997499424750792	3
0.999932096189233	0.996825609153669	3
1.00049622585174	0.996164321426975	3
1.00105839713752	0.995518171371253	3
1.00161639141333	0.994889709045577	3
1.0021680065307	0.994281414703628	3
1.00271106551675	0.99369568900527	3
1.00324342516578	0.993134843542243	3
1.00376298449746	0.992601091715363	3
1.00426769304847	0.992096539999243	3
1.00475555896474	0.991623179628999	3
1.00522465686239	0.991182878741753	3
1.00567313542632	0.990777375003955	3
1.00609922471653	0.990408268753599	3
1.00650124315325	0.990077016684427	3
1.00687760415339	0.989784926097023	3
1.00722682239201	0.98953314973949	3
1.00754751966427	0.989322681258086	3
1.00783843032455	0.989154351275753	3
1.00809840628137	0.98902882411403	3
1.00832642152842	0.988946595171275	3
1.00852157619367	0.988907988967559	3
1.00868310009082	0.98891315786393	3
1.00881035575884	0.988962081461115	3
1.00890284097776	0.989054566680028	3
1.00896019075065	0.989190248523763	3
1.00898217874418	0.989368591518069	3
1.00896871818176	0.989588891824623	3
1.00891986218611	0.989850280018764	3
1.0088358035695	0.990151724520704	3
1.00871687407289	0.990492035666712	3
1.00856354305669	0.990869870404168	3
1.00837641564835	0.991283737591979	3
1.00815623035426	0.991732003885433	3
1.00790385614519	0.992212900182263	3
1.00762028902685	0.992724528604486	3
