x	y	set
1.05889030210606	1.08422735378629	1
1.06316062236287	1.08685673566891	1
1.06718168842389	1.0891433469534	1
1.07093768969674	1.09107822250562	1
1.07441385806835	1.09265378171	1
1.07759652532344	1.09386385751678	1
1.08047317629265	1.09470371998127	1
1.083032497533	1.0951700942147	1
1.08526442135953	1.09526117268703	1
1.0871601650641	1.09497662184266	1
1.08871226517444	1.09431758301121	1
1.08991460662454	1.09328666761589	1
1.09076244672561	1.09188794670296	1
1.09125243384569	1.09012693483603	1
1.09138262072465	1.08801056841954	1
1.09115247237059	1.08554717853549	1
1.09056286850349	1.0827464583973	1
1.08961610053091	1.07961942554428	1
1.0883158630611	1.07617837891866	1
1.08666723997808	1.07243685098613	1
1.08467668512355	1.06840955507844	1
1.08235199765035	1.06411232815433	1
1.07970229213171	1.05956206919166	1
1.07673796353056	1.0547766734401	1
1.07347064715245	1.04977496277899	1
1.06991317372472	1.04457661243992	1
1.06607951976383	1.03920207436753	1
1.0619847534108	1.03367249750508	1
1.05764497593294	1.02800964530386	1
1.0530772591077	1.02223581076654	1
1.04829957872092	1.01637372934513	1
1.04333074442827	1.01044649002339	1
1.03819032624407	1.00447744492189	1
1.03289857793593	0.998490117770928	1
1.0274763576178	0.992508111602366	1
1.02194504584623	0.986555016016375	1
1.01632646153649	0.980654314382234	1
1.01064277602561	0.974829291334626	1
1.00491642561856	0.96910294092758	1
0.999170022961871	0.963497875807619	1
0.993426267595525	0.958036237765673	1
0.987707856039279	0.952739610023844	1
0.982037391773275	0.947628931608271	1
0.976437295475137	0.942724414152957	1
0.970929715876484	0.938045461471599	1
0.965536441601	0.933610592225216	1
0.960278814343769	0.929437366002614	1
0.955177643747622	0.925542313118547	1
0.950253124326596	0.92194086842088	1
0.945524754779394	0.918647309383091	1
0.941011260026943	0.915674698742149	1
0.936730516297749	0.913034831924288	1
0.932699479572838	0.910738189482371	1
0.928934117688694	0.908793894748646	1
0.925449346381736	0.907209676885716	1
0.9222589695417	0.905991839496589	1
0.919375623923763	0.905145234931809	1
0.916810728550558	0.904673244408111	1
0.914574439015372	0.904577764028741	1
0.912675606876949	0.904859196770765	1
0.911121744314582	0.905516450479478	1
0.909918994189557	0.906546941884453	1
0.909072105635768	0.9079466066261	1
0.908584415278508	0.909709915255859	1
0.908457834156167	0.911829895147522	1
0.908692840395014	0.914298158231778	1
0.909288477662494	0.917104934441056	1
0.910242359399714	0.92023911072722	1
0.911550678809066	0.92368827549077	1
0.913208224548473	0.927438768237085	1
0.915208402059609	0.931475734252948	1
0.917543260433742	0.935783184075393	1
0.920203524695774	0.940344057504655	1
0.923178633364614	0.945140291894128	1
0.926456781126419	0.950152894432466	1
0.930024966436497	0.955362018116723	1
0.933869043845927	0.960747041100507	1
0.93797378083026	0.966286649087792	1
0.942322918880118	0.971958920431225	1
0.946899238597171	0.977741413583559	1
0.951684628523868	0.983611256542286	1
0.956660157421529	0.98954523792062	1
0.961806149698966	0.995519899272752	1
0.967102263682709	1.0015116282977	1
0.972527572410276	1.0074967525442	1
0.978060646619632	1.01345163323869	1
0.98367963960114	1.01935275886	1
0.989362373572846	1.02517683808701	1
0.995086427235932	1.03090089175009	1
1.00082922416445	1.03650234342331	1
1.00656812168224	1.04195910830129	1
1.01228049987986	1.04724968001378	1
1.01794385042585	1.05235321504084	1
1.02353586482916	1.05724961440294	1
1.02903452181342	1.06191960231251	1
1.03441817346893	1.06634480148734	1
1.03966562985419	1.07050780484058	1
1.04475624172643	1.07439224327754	1
1.04966998108853	1.07798284934606	1
1.05438751924956	1.08126551650414	1
1.16571273835204	1.23711841320144	2
1.17772078865006	1.24450184332489	2
1.18902755562323	1.25092044638344	2
1.19958887971078	1.25634935700673	2
1.20936351455172	1.26076758687519	2
1.21831328301592	1.2641581007585	2
1.22640322167956	1.26650787751238	2
1.23360171326908	1.2678079558878	2
1.23988060663489	1.26805346505671	2
1.24521532385451	1.26724363980705	2
1.24958495410266	1.26538182040822	2
1.25297233396534	1.26247543719522	2
1.25536411391429	1.25853597996603	2
1.25675081069863	1.25357895233239	2
1.25712684545118	1.24762381120879	2
1.25649056734898	1.24069389166817	2
1.25484426270978	1.23281631743622	2
1.2521941494495	1.22402189733826	2
1.24855035686999	1.21434500805479	2
1.24392689079124	1.2038234635823	2
1.23834158408823	1.19249837183695	2
1.23181603273929	1.18041397887823	2
1.22437551754046	1.16761750126888	2
1.21604891168889	1.15415894712641	2
1.20686857448736	1.14009092645895	2
1.196870231472	1.12546845141609	2
1.18609284131552	1.11034872712143	2
1.17457844990928	1.09479093378977	2
1.16237203207838	1.0788560008663	2
1.14952132143521	1.06260637395939	2
1.13607662892777	1.04610577537074	2
1.12209065068961	1.02941895905801	2
1.10761826584819	1.01261146089505	2
1.09271632499722	0.995749345121957	2
1.07744343008623	0.978898947903869	2
1.06185970652663	0.96212661894034	2
1.04602656835733	0.945498462088557	2
1.03000647735502	0.929080075981757	2
1.01386269701261	0.912936295639347	2
0.997659042345815	0.897130936077037	2
0.981459626519632	0.881726538933346	2
0.965328605315352	0.866784123132991	2
0.949329920482837	0.852362940607578	2
0.933527043042576	0.838520238089435	2
0.917982717616721	0.825311025985123	2
0.902758708877984	0.812787855320949	2
0.887915551209265	0.801000603733449	2
0.87351230266529	0.789996271453207	2
0.859606304319964	0.779818788200452	2
0.846252946069542	0.770508831875457	2
0.833505439941954	0.762103659886044	2
0.82141460193668	0.754636953908269	2
0.810028643387455	0.748138678824973	2
0.79939297280189	0.742634956530312	2
0.789550009087996	0.738147955226933	2
0.780539007027669	0.734695794776389	2
0.77239589580196	0.732292468593014	2
0.765153131312393	0.730947782497189	2
0.758839562977436	0.730667310866194	2
0.753480315613634	0.731452370340072	2
0.74909668693754	0.733300011256738	2
0.745706061147861	0.736203026905474	2
0.743321838967749	0.740149980601502	2
0.741953384445542	0.745125250497274	2
0.74160598872904	0.751109091958927	2
0.742280850944255	0.758077717249818	2
0.743975076225146	0.766003392177682	2
0.746681690856674	0.774854549278494	2
0.750389674410361	0.784595917029089	2
0.755084008669824	0.795188664502643	2
0.760745743064198	0.806590560806786	2
0.767352076250435	0.818756148573907	2
0.774876453411666	0.831636930707614	2
0.783288678768585	0.845181569528794	2
0.792555042734645	0.859336097409476	2
0.80263846308396	0.874044137933352	2
0.813498639443616	0.889247136578247	2
0.825092220369774	0.904884599878525	2
0.837372982219681	0.920894341994362	2
0.85029201898969	0.937212737590069	2
0.863797942252591	0.953774979905291	2
0.877837090296079	0.970515342890782	2
0.892353745537971	0.98736744627457	2
0.907290359272714	1.00426452242438	2
0.922587782787746	1.02113968387812	2
0.938185503877173	1.03792619042569	2
0.95402188777379	1.05455771464206	2
0.970034421518574	1.07096860479334	2
0.986159960789029	1.0870941440638	2
1.00233497821404	1.10287080508231	2
1.01849581221281	1.11823649876132	2
1.03457891540872	1.1331308164991	2
1.05052110168558	1.14749526483724	2
1.06625979097261	1.1612734917092	2
1.0817332508668	1.1744115034615	2
1.09688083422487	1.18685787187757	2
1.11164321188345	1.19856393048383	2
1.12596259969385	1.20948395946853	2
1.13978297908709	1.21957535859584	2
1.15305031041592	1.22879880755055	2
1.27221361321842	1.38968953264422	2
1.29192554886827	1.40179296308789	2
1.3104856693956	1.4123110105396	2
1.32782197110155	1.4212034173776	2
1.34386720227952	1.42843626353464	2
1.35855911066984	1.43398208229051	2
1.37184067268487	1.43781995210282	2
1.38366030374448	1.43993556436	2
1.39397204910966	1.44032126700862	2
1.40273575464956	1.43897608407272	2
1.40991721702404	1.43590571114561	2
1.41548831281117	1.43112248699509	2
1.41942710615609	1.42464534148117	2
1.4217179345655	1.41649972004161	2
1.42235147252066	1.40671748505524	2
1.42132477263136	1.39533679444632	2
1.41864128410476	1.38240195794489	2
1.41431084835566	1.36796327147004	2
1.40834967163971	1.35207683015319	2
1.40078027464851	1.33480432056948	2
1.39163141906499	1.31621279279594	2
1.38093801114013	1.29637441296591	2
1.36874098241724	1.27536619704068	2
1.35508714779848	1.25326972657157	2
1.34002904121956	1.23017084727819	2
1.32362472927312	1.20615935132277	2
1.3059376031986	1.18132864421498	2
1.28703614973715	1.15577539733727	2
1.26699370143266	1.12959918713719	2
1.2458881670463	1.10290212209042	2
1.22380174283914	1.07578845859543	2
1.20082060556721	1.04836420701894	2
1.1770345881242	1.02073672916849	2
1.15253683885825	0.993014328525733	2
1.12742346568129	0.965305834629726	2
1.10179316618007	0.937720183054054	2
1.07574684502792	0.91036599247335	2
1.04938722008381	0.883351140364092	2
1.02281841864962	0.856782338929907	2
0.99614556543723	0.830764712882659	2
0.96947436387248	0.805401380746463	2
0.942910672433087	0.780793041381518	2
0.916560077780227	0.757037567447711	2
0.89052746649889	0.734229607543187	2
0.864916597308335	0.712460198760064	2
0.839829675640847	0.69181639139714	2
0.81536693251323	0.672380887557349	2
0.791626209630542	0.654231695335075	2
0.768702552664722	0.637441800264839	2
0.74668781464145	0.622078855657828	2
0.725670271346292	0.608204893395947	2
0.705734250625795	0.59587605668442	2
0.686959777410286	0.585142356183376	2
0.669422236223016	0.576047450846455	2
0.653192052864807	0.568628454690585	2
0.638334396875171	0.562915770606128	2
0.62490890627019	0.558932952191165	2
0.612969435945173	0.556696594458653	2
0.602563831006927	0.556216254121309	2
0.59373372616745	0.557494400007576	2
0.586514372189076	0.560526394004036	2
0.580934490221834	0.565300502756418	2
0.577016154718323	0.571797940194428	2
0.574774705451286	0.579992940776375	2
0.574218688995672	0.589852863179598	2
0.575349829871927	0.601338323993494	2
0.578163031382011	0.614403360805167	2
0.582646406005841	0.628995623904798	2
0.588781335064867	0.645056595680386	2
0.596542557202866	0.662521836620808	2
0.605898285083028	0.68132125670369	2
0.616810349556319	0.701379410811437	2
0.629234370420067	0.722615816696121	2
0.643119952758661	0.744945293902665	2
0.658410907741096	0.768278321960708	2
0.675045496643474	0.792521416069274	2
0.692956696769074	0.817577518425371	2
0.71207248785449	0.843346403288202	2
0.732316157477956	0.869725093824867	2
0.753606623925287	0.896608288751229	2
0.775858774919756	0.923888796762826	2
0.798983820584571	0.951457976744933	2
0.822889658979933	0.979206181757671	2
0.847481252540554	1.00702320481079	2
0.872661013733375	1.03479872447274	2
0.898329198258456	1.06242274839905	2
0.924384304127805	1.08978605291498	2
0.950723474976632	1.11678061684627	2
0.977242905988221	1.14330004785786	2
1.00383825084662	1.16923999963379	2
1.03040502816974	1.19449857831033	2
1.05683902591857	1.21897673665794	2
1.083036702325	1.24257865459524	2
1.10889558193077	1.26521210470851	2
1.13431464538263	1.28678880154299	2
1.15919471168269	1.30722473352576	2
1.18343881164849	1.32644047647443	2
1.20695255139318	1.34436148774009	2
1.2296444646926	1.36091838012632	2
1.25142635316168	1.37604717481798	2
1.37839537373214	1.5419431593128	2
1.4057777371966	1.55873292927704	2
1.43155925096889	1.57331826076127	2
1.45564056263291	1.5856440024681	2
1.47792887857518	1.59566376907565	2
1.49833829598795	1.60334008986082	2
1.51679011057168	1.60864452504599	2
1.53321309917668	1.61155774986758	2
1.54754377667263	1.61206960644206	2
1.55972662638051	1.61017912357596	2
1.56971430344625	1.60589450473288	2
1.57746781057851	1.59923308443239	2
1.58295664561583	1.59022125341327	2
1.58615892043123	1.5788943529486	2
1.58706145072621	1.56529653875162	2
1.58565981631116	1.54948061496149	2
1.58195839151674	1.5315078387466	2
1.57597034543097	1.5114476961107	2
1.56771761171066	1.48937764953545	2
1.55723082777349	1.46538285814099	2
1.54454924323978	1.4395558710961	2
1.52972059756061	1.41199629506128	2
1.51280096684252	1.38281043650158	2
1.49385457995834	1.35211091976317	2
1.47295360411989	1.32001628186758	2
1.45017790018034	1.28665054504115	2
1.42561474803399	1.25214276806484	2
1.39935854258655	1.21662657760101	2
1.37151046088245	1.18023968072946	2
1.34217810109461	1.1431233600047	2
1.31147509420766	1.1054219524296	2
1.27952068935675	1.06728231382783	2
1.24643931392019	1.02885327018731	2
1.21236010960451	0.990285057639263	2
1.17741644590451	0.951728752831737	2
1.14174541246653	0.913335695551294	2
1.10548729203033	0.875256905541278	2
1.0687850157719	0.837642495558435	2
1.03178360301374	0.800641082800277	2
0.994629587411166	0.764399200922115	2
0.957470431858852	0.72906071494362	2
0.920453934491319	0.694766241418542	2
0.883727628271286	0.661652576306043	2
0.847438176769419	0.629852133036544	2
0.811730768836019	0.599492393307094	2
0.776748514947712	0.570695373169646	2
0.742631848078444	0.54357710698853	2
0.70951793199243	0.518247151839436	2
0.677540079885608	0.494808114900062	2
0.6468271863102	0.473355206341052	2
0.617503175303179	0.453975820163991	2
0.589686467602772	0.436749145350466	2
0.56348946977715	0.421745809581975	2
0.539018088005743	0.409027557664806	2
0.516371269146367	0.398646966647035	2
0.495640571590835	0.39064719944715	2
0.476909768258796	0.385061798626289	2
0.460254483905213	0.381914521730006	2
0.445741868722694	0.38121921940242	2
0.4334303100075	0.382979757237356	2
0.42336918342961	0.38718998207994	2
0.415598645205021	0.393833733230428	2
0.410149466215086	0.402884898732457	2
0.407042908855889	0.414307516653327	2
0.406290647133244	0.428055920987117	2
0.407894730248979	0.44407493153561	2
0.411847589654549	0.462300086849994	2
0.418132089281732	0.48265791905116	2
0.426721618400126	0.505066269091025	2
0.437580226299951	0.529434640774261	2
0.450662797758929	0.555664591631795	2
0.465915268026029	0.583650158526491	2
0.48327487584457	0.613278315679759	2
0.502670452844494	0.644429462636882	2
0.524022747459706	0.676977939540147	2
0.547244781372554	0.710792566953213	2
0.572242236354357	0.745737207378325	2
0.598913869258822	0.781671345530147	2
0.627151952834338	0.818450684376132	2
0.656842739951187	0.855927753923099	2
0.687866948790141	0.893952529722245	2
0.720100266508962	0.9323730580794	2
0.753413868891907	0.971036084992506	2
0.787674953493241	1.00978768589284	2
0.822747283807638	1.04847389333871	2
0.858491742036577	1.08694131989851	2
0.894766888068935	1.12503777356242	2
0.931429522354195	1.16261286313658	2
0.9683352504164	1.19951859119879	2
1.00533904683448	1.23560993232796	2
1.04229581659832	1.27074539446026	2
1.07906095183829	1.30478756136937	2
1.11549088201746	1.33760361441706	2
1.1514436157691	1.3690658318697	2
1.18677927265611	1.39905206422655	2
1.22136060322223	1.42744618415434	2
1.25505349579706	1.45413850976897	2
1.28772746860639	1.47902620014818	2
1.31925614582623	1.50201362209755	2
1.34951771630177	1.52301268732574	2
1.48426043618274	1.69388170966795	2
1.51928015048035	1.71532453887774	2
1.55225147734226	1.73394537415913	2
1.58304820184925	1.7496746599086	2
1.61155244267835	1.76245400280173	2
1.6376550620828	1.77223634662731	2
1.66125604609351	1.77898610712576	2
1.6822648541568	1.78267926702049	2
1.70060073746313	1.78330343150688	2
1.71619302525664	1.78085784453107	2
1.72898137844759	1.7753533662502	2
1.73891600987858	1.76681241211871	2
1.74595787062337	1.75526885409216	2
1.75007880172447	1.74076788448201	2
1.75126165080367	1.72336584303335	2
1.74950035300973	1.70313000783319	2
1.74479997580017	1.68013835069078	2
1.73717672709133	1.65447925766562	2
1.72665792635264	1.62625121545256	2
1.71328193826961	1.5955624643699	2
1.69709806865532	1.56253061873483	2
1.67816642235375	1.52728225545352	2
1.65655772295088	1.48995247170024	2
1.63235309419171	1.45068441261303	2
1.60564380309403	1.40962876999289	2
1.5765309648535	1.36694325306001	2
1.5451252097498	1.32279203239494	2
1.51154631239048	1.27734515827532	2
1.47592278376799	1.23077795470962	2
1.43839142675598	1.18327039056957	2
1.39909685583336	1.13500642933106	2
1.35819098199795	1.08617335905045	2
1.31583246401555	1.03696110432798	2
1.27218612734388	0.987561522142071	2
1.2274223522726	0.938167683577002	2
1.18171643302979	0.888973143609786	2
1.13524790981927	0.840171201269746	2
1.08819987597105	0.791954152633549	2
1.04075826260547	0.744512539267977	2
0.993111103429723	0.698034394880196	2
0.945447782498159	0.652704493078159	2
0.897958267975281	0.608703599279683	2
0.850832335136581	0.566207729934775	2
0.804258782026752	0.525387422339182	2
0.758424641362383	0.486407018414888	2
0.71351439241487	0.449423965912566	2
0.66970917673519	0.414588140548776	2
0.627186021682714	0.38204119262434	2
0.586117075792346	0.351915921677181	2
0.546668860055468	0.324335682700608	2
0.509001539198197	0.299413827404702	2
0.473268217013454	0.277253183912314	2
0.439614259739915	0.257945578161236	2
0.408176651380266	0.241571400129631	2
0.379083384712972	0.228199217812748	2
0.352452891576305	0.217885441655818	2
0.328393515791671	0.210674041891964	2
0.307003031846811	0.206596320946736	2
0.28836821218053	0.205670742754814	2
0.272564445601912	0.207902820492515	2
0.259655409041999	0.213285063865454	2
0.249692794478368	0.221796986708046	2
0.242716092497326	0.233405175254863	2
0.238752433569125	0.248063417037918	2
0.23781648771353	0.265712889953664	2
0.239910422831389	0.286282410633996	2
0.245023921577433	0.309688740851863	2
0.253134256255542	0.33583695029929	2
0.26420642083488	0.364620833698564	2
0.27819331881817	0.395923379850427	2
0.295036005346199	0.42961728989071	2
0.314663981599077	0.465565541722456	2
0.336995539258139	0.503621997317491	2
0.361938152525298	0.543632049342167	2
0.389388914961195	0.585433303358588	2
0.419235018201196	0.628856291686409	2
0.451354269439924	0.673725214882	2
0.485615644440839	0.719858706701383	2
0.521879872727138	0.767070618360521	2
0.560000051542928	0.815170817890121	2
0.599822285138031	0.863966000400489	2
0.641186345923977	0.913260505123366	2
0.68392635407068	0.962857135179353	2
0.727871472160487	1.01255797612923	2
0.772846611586063	1.06216520950182	2
0.818673147468146	1.11148191764747	2
0.865169638975598	1.16031287644082	2
0.912152552050545	1.20846533254729	2
0.959436981672778	1.25574976216952	2
1.00683737093721	1.30198060840244	2
1.05416822436338	1.3469769945427	2
1.10124481300421	1.39056341091997	2
1.14788386907029	1.43257037303903	2
1.19390426793375	1.47283504904243	2
1.23912769552018	1.51120185471957	2
1.28337929923726	1.54752301449971	2
1.32648832072241	1.58165908706961	2
1.36828870881887	1.61347945445225	2
1.40861971130807	1.64286277356862	2
1.44732644403734	1.66969738947941	2
1.58981118665965	1.84550756997038	2
1.63243554891545	1.87157055222601	2
1.67256548213122	1.89419548446019	2
1.71004838608979	1.91329888712435	2
1.7447417369311	1.92881080711886	2
1.77651356883046	1.94067501251137	2
1.80524292100404	1.94884914012616	2
1.83082024929681	1.95330479644951	2
1.85314780163067	1.9540276123631	2
1.87213995660679	1.95101725227193	2
1.88772352456586	1.94428737823721	2
1.89983801041657	1.93386556975968	2
1.90843583754575	1.91979319988492	2
1.91348253212662	1.9021252683232	2
1.91495686714447	1.88093019229147	2
1.91285096546477	1.85628955579725	2
1.90717036127755	1.82829781809489	2
1.89793401926677	1.79706198205432	2
1.8851743108743	1.76270122319437	2
1.86893694705799	1.72534648014706	2
1.84928086698279	1.68514000733807	2
1.82627808213436	1.64223489069365	2
1.80001347540787	1.5967945272163	2
1.77058455480163	1.54899206931282	2
1.73810116143695	1.49900983480916	2
1.70268513173334	1.44703868364904	2
1.66446991369291	1.39327736234799	2
1.62360013738969	1.33793181736232	2
1.58023113991971	1.28121447863446	2
1.53452844524622	1.22334351469241	2
1.48666719957085	1.16454206081232	2
1.43683156307669	1.10503742189886	2
1.38521405912129	1.04506025189868	2
1.33201488220661	0.984843711736146	2
1.27744116631747	0.924622607947944	2
1.22170621549755	0.864632514391263	2
1.16502869882208	0.805108879608893	2
1.10763181222481	0.746286122650108	2
1.04974240994174	0.688396720367031	2
0.991590108642	0.631670289428817	2
0.933406367623469	0.576332666517187	2
0.875423548752366	0.522604990382837	2
0.817873960119399	0.470702789648931	2
0.760988887663547	0.420835080440937	2
0.704997619274746	0.373203478096914	2
0.650126466122971	0.328001327364437	2
0.596597786168632	0.285412855614817	2
0.544629014983008	0.245612353697749	2
0.494431709142862	0.208763389115495	2
0.446210607556037	0.17501805621112	2
0.400162716120917	0.144516268036624	2
0.356476421118693	0.117385094490908	2
0.315330636680859	0.0937381511920496	2
0.276893991563354	0.0736750433717829	2
0.241324060292357	0.0572808688516417	2
0.208766643524918	0.0446257838801941	2
0.17935510219137	0.0357646352804351	2
0.153209749657892	0.030736661977958	2
0.130437305769762	0.0295652685573079	2
0.111130416212856	0.0322578730302001	2
0.0953672401677652	0.038805830500247	2
0.083211108733548	0.0491844338805419	2
0.0747102560729975	0.0633529922695854	2
0.0698976246857895	0.0812549870249595	2
0.0687907456574081	0.102818305000518	2
0.071391694168299	0.127955547839647	2
0.0776871199871474	0.156564415652284	2
0.0876483521223167	0.188528162854748	2
0.101231576273839	0.223716123426538	2
0.118378083221909	0.261984302344025	2
0.139014585813047	0.303176029493961	2
0.163053601767531	0.347122671955285	2
0.19039389913622	0.393644400170779	2
0.220921000885244	0.442551003214217	2
0.254507744786072	0.493642748096634	2
0.291014894538013	0.546711277848742	2
0.330291797851068	0.601540542966155	2
0.372177087068913	0.657907760709283	2
0.416499417813821	0.71558439670961	2
0.46307824108529	0.774337163346043	2
0.511724604239574	0.833929029416435	2
0.562241976314843	0.894120235736597	2
0.614427093242459	0.954669311448003	2
0.66807081859476	1.01533408600152	2
0.722959015659205	1.07587269200302	2
0.778873426793223	1.13604455435285	2
0.835592556198891	1.19561136137944	2
0.892892552457127	1.25433801395369	2
0.950548087372879	1.31199354886944	2
1.00833322790172	1.36835203308226	2
1.06602229815021	1.42319342570984	2
1.12339072866408	1.4763044050079	2
1.18021589043608	1.52747915784284	2
1.23627791127679	1.57652012948234	2
1.29136047239435	1.62323873181611	2
1.3452515832206	1.66745600839746	2
1.39774433270045	1.70900325496121	2
1.4486376154268	1.74772259432259	2
1.49773683115455	1.78346750479492	2
1.54485455636333	1.81610330147841	2
1.69504998157758	1.99682309680609	2
1.74524665671683	2.0274736936769	2
1.79250435639205	2.05407168283229	2
1.83664456347731	2.07652013232415	2
1.87750054793311	2.0947379686906	2
1.91491791418792	2.10866018551532	2
1.94875510952551	2.11823799829974	2
1.97888389283081	2.12343894640757	2
2.00518976304491	2.12424694289091	2
2.02757234666849	2.12066227304108	2
2.04594574363325	2.11270154252796	2
2.0602388308366	2.1003975759998	2
2.07039552260597	2.08379926701455	2
2.07637498732953	2.06297138016404	2
2.07815181946046	2.03799430623741	2
2.07571616607498	2.00896377125054	2
2.06907380714215	1.97599050014721	2
2.05824618864732	1.93919983595632	2
2.04327040770402	1.89873131517043	2
2.02419914879204	1.85473820009554	2
2.00110057027515	1.80738696891348	2
1.97405814038158	1.75685676419696	2
1.94317042187647	1.70333880062682	2
1.90855080471925	1.64703573268231	2
1.87032718608228	1.58816098311015	2
1.82864159721176	1.52693803302918	2
1.78364977673867	1.46359967459523	2
1.73552069019854	1.39838722723781	2
1.68443599569442	1.33154971858717	2
1.63058945583869	1.26334303133821	2
1.57418629633648	1.19402901744768	2
1.51544251182723	1.12387458123353	2
1.45458411988031	1.05315073313959	2
1.39184636434527	0.982131616145885	2
1.3274728695863	0.911093507042333	2
1.26171474748146	0.840313795041536	2
1.19482965943867	0.770069940481578	2
1.12708083606848	0.70063841666064	2
1.05873605755583	0.632293638147988	2
0.990066598184059	0.565306879226969	2
0.921346138880512	0.499945186440591	2
0.852849652067861	0.436470289523897	2
0.78485226351361	0.375137515314221	2
0.717628096264994	0.316194709524274	2
0.651449102131145	0.259881171537446	2
0.586583886521697	0.2064266076329	2
0.523296532763456	0.156050108262972	2
0.461845432287388	0.108959155180142	2
0.402482127299413	0.06534866433869	2
0.345450172713896	0.025400070570456	2
0.0110812008463249	0.228318621603806	2
0.0434674622972135	0.283343031144047	2
0.0796169221800465	0.341184248620287	2
0.119377552651796	0.401604589611865	2
0.162583084072716	0.464356199301227	2
0.209053813872224	0.52918218411973	2
0.25859746454723	0.595817775197084	2
0.311010084930696	0.663991516533872	2
0.36607698885299	0.733426470874619	2
0.423573725365051	0.80384143638317	2
0.483267074795012	0.874952167407176	2
0.54491606506255	0.946472592857441	2
0.608273002871339	1.01811602601418	2
0.673084514632618	1.08959635989836	2
0.739092592235256	1.16062924270513	2
0.806035639062598	1.23093322818031	2
0.873649511957597	1.30023089622341	2
0.941668555148518	1.36824993941433	2
1.00982662246224	1.43472421157995	2
1.07785808446546	1.49939473493534	2
1.1454988174811	1.56201066274685	2
1.21248717172378	1.62233019486662	2
1.27856491608105	1.68012144387594	2
1.34347815733277	1.73516324994493	2
1.40697823184799	1.78724594286611	2
1.46882256802454	1.83617205004617	2
1.52877551794068	1.88175694954386	2
1.58660915686976	1.92382946751961	2
1.64210404946745	1.96223241971495	2
1.058939451392	1.08427625786976	3
1.06321497226187	1.08691087109774	3
1.0672410125164	1.0892024868233	3
1.07100168321402	1.0911420610861	3
1.07448214270558	1.09272193927265	3
1.07766865520754	1.09393588632551	3
1.08054864501083	1.09477911135027	3
1.08311074611143	1.09524828652298	3
1.08534484706682	1.0953415602236	3
1.08724213090119	1.09505856434342	3
1.08879510990203	1.09440041573791	3
1.08999765517071	1.09336971181893	3
1.09084502081046	1.09197052030397	3
1.0913338626562	1.0902083631627	3
1.09146225147252	1.0880901948243	3
1.0912296805674	1.08562437473152	3
1.09063706779196	1.08282063434972	3
1.08968675191808	1.0796900387613	3
1.08838248340836	1.0762449429968	3
1.08672940961474	1.0724989432753	3
1.08473405446427	1.0684668233463	3
1.08240429271214	1.06416449614508	3
1.07974931886361	1.05960894099153	3
1.07677961088753	1.05481813658063	3
1.07350688886454	1.04981099002867	3
1.06994406873331	1.04460726225554	3
1.06610521131719	1.03922748999741	3
1.0620054668326	1.0336929047576	3
1.05766101509803	1.02802534901553	3
1.05308900167967	1.02224719002446	3
1.04830747022575	1.01638123153814	3
1.04333529125642	1.01045062381481	3
1.03819208769052	1.00447877225372	3
1.03289815740281	0.998489245024701	3
1.02747439311757	0.99250568005537	3
1.02194219995455	0.986551691743032	3
1.01632341095275	0.980650777759437	3
1.01064020090537	0.974826226316206	3
1.00491499884607	0.969101024256902	3
0.99917039953177	0.963497766338457	3
0.993429074271509	0.958038566059989	3
0.987713681453129	0.952744968390928	3
0.982046777120968	0.947637864742856	3
0.976450725957463	0.942737410520661	3
0.970947613019964	0.938062945578352	3
0.965559156581103	0.933632917893497	3
0.960306622416691	0.92946481076148	3
0.955210739879421	0.925575073796925	3
0.950291620089581	0.921979058014579	3
0.945568676565648	0.918690955245871	3
0.941060548608004	0.915723742130239	3
0.936785027738131	0.91308912890226	3
0.932758987483602	0.910797513176702	3
0.928998316785978	0.908857938913897	3
0.925517857294416	0.907278060727351	3
0.922331344792459	0.90606411367449	3
0.919451354989173	0.905220888649732	3
0.91688925388857	0.904751713477016	3
0.914655152933179	0.904658439776403	3
0.91275786909881	0.904941435656577	3
0.91120489009797	0.905599584262087	3
0.910002344829285	0.906630288181067	3
0.909154979189542	0.908029479696033	3
0.908666137343796	0.909791636837305	3
0.908537748527481	0.911909805175699	3
0.9087703194326	0.914375625268482	3
0.909362932208042	0.917179365650275	3
0.910313248081921	0.920309961238698	3
0.911617516591642	0.923755057003196	3
0.913270590385259	0.927501056724701	3
0.915265945535728	0.931533176653697	3
0.91759570728786	0.935835503854925	3
0.920250681136386	0.940391059008467	3
0.923220389112469	0.945181863419368	3
0.926493111135458	0.950189009971329	3
0.930055931266692	0.955392737744456	3
0.93389478868281	0.960772510002587	3
0.937994533167399	0.966307095242401	3
0.942338984901974	0.97197465098447	3
0.946910998320328	0.977752809975539	3
0.951692529774254	0.98361876846186	3
0.956664708743577	0.989549376185189	3
0.961807912309478	0.99552122774628	3
0.967101842597188	1.0015107549753	3
0.972525606882429	1.00749431994463	3
0.978057800045448	1.01344830825697	3
0.983676589047251	1.01934922224056	3
0.989359799094626	1.02517377368379	3
0.99508500115393	1.0308989757431	3
1.00082960046823	1.03650223366154	3
1.00657092572849	1.04196143394001	3
1.01228631854687	1.04725503160907	3
1.01795322287903	1.05236213525714	3
1.02354927404254	1.05726258947934	3
1.02905238698004	1.06193705442165	3
1.0344408434189	1.0663670821065	3
1.03969337758331	1.07053518923852	3
1.04478926012058	1.07442492620308	3
1.04970837991042	1.07802094198542	3
1.05443132343435	1.08130904475413	3
1.16610209028653	1.23750581763296	3
1.17815128546527	1.24493063673	3
1.18949739890985	1.25138882650202	3
1.20009565269406	1.25685489942447	3
1.2099042203521	1.26130728340474	3
1.21888439194852	1.26472840691735	3
1.22700072684869	1.26710476835076	3
1.23422119358676	1.26842698929205	3
1.24051729627922	1.26868985153923	3
1.24586418708517	1.2678923176951	3
1.25024076426936	1.26603753526139	3
1.2536297554811	1.26313282421699	3
1.25601778592038	1.25918964812936	3
1.25739543112203	1.25422356891305	3
1.25775725414983	1.24825418541394	3
1.25710182705358	1.24130505606155	3
1.25543173650461	1.23340360589468	3
1.25275357358731	1.22458101832731	3
1.24907790778719	1.2148721120819	3
1.24441924527791	1.20431520377584	3
1.23879597167204	1.19295195670322	3
1.23223027946149	1.18082721640885	3
1.22474808043382	1.16798883370341	3
1.21637890341031	1.15448747581814	3
1.20715577770916	1.14037642644444	3
1.19711510279387	1.12571137544744	3
1.18629650462117	1.11055019908362	3
1.17474267925551	1.0949527315896	3
1.16249922436717	1.07898052904377	3
1.14961445927908	1.06269662643257	3
1.13613923427256	1.04616528888021	3
1.12212672990447	1.02945175802356	3
1.10763224712784	1.01262199453321	3
1.09271298904429	0.995742417796883	3
1.07742783514952	0.978879643792407	3
1.06183710896283	0.962100222184909	3
1.04600233995775	0.945470373685685	3
1.02998602073333	0.929055728709308	3
1.01385136038438	0.912921068360361	3
0.997662035044078	0.897130068772015	3
0.981481936583344	0.881745049805425	3
0.965374920458818	0.866826729101705	3
0.949404553704546	0.852433982457141	3
0.933633864061942	0.838623611467318	3
0.918125091238082	0.825450119357174	3
0.902939441274017	0.812965495881672	3
0.888136844992493	0.801219012145989	3
0.873775721478368	0.79025702615497	3
0.859912747525182	0.780122799859268	3
0.846602633957735	0.770856328420183	3
0.833897909713467	0.762494182367038	3
0.821848714534733	0.755069363270004	3
0.81050260109015	0.748611173497979	3
0.799904347305937	0.743145100575528	3
0.7900957796479	0.738692716595263	3
0.781115608051476	0.735271593082655	3
0.772999273151307	0.732895231649244	3
0.765778806413241	0.731573010707953	3
0.759482703720778	0.731310148460771	3
0.754135812914828	0.732107682304898	3
0.749759235730642	0.733962464738609	3
0.746370244518895	0.736867175783008	3
0.743982214079619	0.740810351870639	3
0.742604568877971	0.74577643108695	3
0.742242745850174	0.75174581458606	3
0.742898172946418	0.75869494393845	3
0.744568263495391	0.766596394105321	3
0.747246426412687	0.775418981672694	3
0.750922092212809	0.785127887918097	3
0.755580754722095	0.795684796224157	3
0.761204028327961	0.807048043296782	3
0.767769720538514	0.819172783591152	3
0.77525191956618	0.832011166296589	3
0.783621096589686	0.845512524181857	3
0.792844222290836	0.859623573555564	3
0.80288489720613	0.874288624552559	3
0.813703495378828	0.88944980091638	3
0.825257320744489	0.905047268410403	3
0.837500775632834	0.921019470956233	3
0.850385540720923	0.937303373567427	3
0.863860765727442	0.953834711119787	3
0.877873270095535	0.970548241976442	3
0.892367752872164	0.987378005466788	3
0.907287010955712	1.00425758220312	3
0.922572164850481	1.02112035620759	3
0.938162891037172	1.03789977781509	3
0.953997660042252	1.05452962631431	3
0.970013979266674	1.07094427129069	3
0.986148639615622	1.08707893163964	3
1.00233796495592	1.10286993122799	3
1.01851806341666	1.11825495019458	3
1.03462507954118	1.13317327089829	3
1.05059544629545	1.14756601754286	3
1.06636613593806	1.16137638853268	3
1.08187490876192	1.17454988064283	3
1.09706055872598	1.18703450411833	3
1.11186315500751	1.19878098785401	3
1.12622427852163	1.20974297384503	3
1.14008725247482	1.21987720014073	3
1.15339736604226	1.22914367157982	3
1.27326472918107	1.39073537739616	3
1.29308759866867	1.40295040236225	3
1.3117537853033	1.41357516618074	3
1.3291896221741	1.42256773776284	3
1.34532629799862	1.42989262753683	3
1.36010012868951	1.43552092750918	3
1.37345280868656	1.43943042535124	3
1.38533164106209	1.44160569206111	3
1.39568974549162	1.44203814285486	3
1.40448624326915	1.44072607104678	3
1.41168641863669	1.43767465478487	3
1.4172618557915	1.43289593661505	3
1.4211905510303	1.42640877595475	3
1.42345699958785	1.4182387746634	3
1.42405225682713	1.40841817600358	3
1.42297397353976	1.39698573739158	3
1.42022640521726	1.38398657743963	3
1.41582039525655	1.36947199789331	3
1.40977333216602	1.353499281167	3
1.40210908094107	1.33613146427639	3
1.39285788887981	1.31743709006013	3
1.38205626621083	1.29748993667262	3
1.36974684200403	1.27636872641529	3
1.3559781959331	1.25415681505566	3
1.34080466655379	1.2309418628602	3
1.32428613685443	1.20681548863934	3
1.30648779792515	1.18187290816983	3
1.28747989167842	1.1562125584216	3
1.2673374336363	1.129935709072	3
1.24613991687848	1.10314606284068	3
1.22397099831937	1.07594934622229	3
1.20091816855251	1.0484528922323	3
1.17707240656515	1.0207652168127	3
1.15252782068576	0.992995590569066	3
1.12738127718147	0.965253607529444	3
1.1017320179711	0.937648752626786	3
1.07568126896275	0.910289969611934	3
1.04933184056128	0.88328523110241	3
1.02278772192269	0.856741112463819	3
0.996153670556386	0.830762371205573	3
0.969534798895179	0.805451533550861	3
0.943036159464506	0.780908489812483	3
0.916762330288124	0.757230100171425	3
0.89081700216642	0.734509812413974	3
0.865302569456199	0.712837293135996	3
0.840319725966931	0.692298073869848	3
0.815967067568294	0.672973213530498	3
0.792340703077316	0.654938978513015	3
0.769533874960783	0.638266541703956	3
0.747636591349822	0.623021701594495	3
0.726735270818929	0.609264622603837	3
0.706912401331335	0.597049597637749	3
0.688246214696698	0.586424833819256	3
0.670810377825897	0.577432262237159	3
0.654673702001384	0.570107372463175	3
0.639899871310493	0.564479072490819	3
0.62654719131344	0.560569574648757	3
0.614668358937913	0.55839430793889	3
0.604310254508377	0.55796185714514	3
0.595513756730847	0.559273928953219	3
0.588313581363313	0.562325345215131	3
0.582738144208505	0.567104063384949	3
0.578809448969696	0.573591224045245	3
0.576543000412145	0.581761225336596	3
0.575947743172866	0.591581823996422	3
0.577026026460236	0.603014262608418	3
0.57977359478274	0.616013422560367	3
0.584179604743453	0.63052800210669	3
0.590226667833976	0.646500718832998	3
0.59789091905893	0.663868535723613	3
0.607142111120193	0.682562909939868	3
0.617943733789169	0.702510063327378	3
0.630253157995973	0.723631273584712	3
0.644021804066903	0.745843184944345	3
0.659195333446214	0.769058137139799	3
0.675713863145569	0.793184511360661	3
0.693512202074846	0.818127091830174	3
0.712520108321578	0.843787441578405	3
0.732662566363695	0.870064290927996	3
0.753860083121519	0.896853937159316	3
0.77602900168063	0.924050653777714	3
0.799081831447492	0.951547107767695	3
0.822927593434851	0.979234783187297	3
0.847472179314235	1.00700440943093	3
0.872618722818533	1.03474639247056	3
0.898267982028896	1.06235124737321	3
0.924318731037252	1.08971003038807	3
0.950668159438722	1.11671476889759	3
0.977212278077314	1.14325888753618	3
1.00384632944361	1.16923762879443	3
1.03046520110482	1.19454846644914	3
1.05696384053549	1.21909151018752	3
1.08323766971188	1.24276989982857	3
1.10918299783358	1.26549018758603	3
1.1346974305438	1.287162706864	3
1.15968027403307	1.30770192613015	3
1.18403293243171	1.3270267864695	3
1.20765929692268	1.34506102148698	3
1.23046612503922	1.36173345829604	3
1.25236340865018	1.37697829840551	3
1.38042736807561	1.54396493715936	3
1.40802391187206	1.56097016799451	3
1.43401017169675	1.57576150585947	3
1.45828359165414	1.58828057610121	3
1.48074837564513	1.59847797166891	3
1.50131586543049	1.60631344810102	3
1.51990489052443	1.61175608235173	3
1.53644208853742	1.61478439483017	3
1.55086219470402	1.61538643417049	3
1.56310829945313	1.61355982439846	3
1.57313207300401	1.60931177430835	3
1.58089395610189	1.60265904901311	3
1.58636331614023	1.59362790378015	3
1.58951856805368	1.58225398041376	3
1.59034725950444	1.56858216659322	3
1.58884612002595	1.55266641872161	3
1.58502107392991	1.53456954898459	3
1.57888721692578	1.51436297745931	3
1.57046875654486	1.4921264502521	3
1.55979891660423	1.46794772477693	3
1.54691980608757	1.44192222341705	3
1.53188225296018	1.41415265693639	3
1.51474560357423	1.38474861912717	3
1.49557748845588	1.35382615429317	3
1.47445355539841	1.32150729927597	3
1.45145717091499	1.28791960183124	3
1.42667909122913	1.25319561725603	3
1.40021710410133	1.21747238525359	3
1.37217564290544	1.18089088910024	3
1.34266537447789	1.1435954992488	3
1.31180276236618	1.10573340356436	3
1.27970960720055	1.06745402644105	3
1.24651256600246	1.02890843909219	3
1.21234265232724	0.990248763341249	3
1.17733471921341	0.95162757126648	3
1.14162692697938	0.913197283068662	3
1.10536019796775	0.875109565538183	3
1.06867766038923	0.837514733495512	3
1.03172408346099	0.800561156567277	3
0.994645306068694	0.764394673639131	3
0.957587661207014	0.729158017296296	3
0.920697398470195	0.694990250523261	3
0.884120106871702	0.66202621788571	3
0.848000140270899	0.630396013360631	3
0.812480047674316	0.600224466914818	3
0.777700010659846	0.571630651858024	3
0.743797290144096	0.544727414915007	3
0.710905684676263	0.51962093087106	3
0.679155002396384	0.496410283548645	3
0.648670548741909	0.475187074768806	3
0.619572631924392	0.456035062840636	3
0.591976088127937	0.439029832005494	3
0.565989828303246	0.424238494140533	3
0.541716408345857	0.411719423898789	3
0.519251624354868	0.401522028331087	3
0.49868413456951	0.393686551898983	3
0.480095109475573	0.388243917648269	3
0.463557911462585	0.385215605169828	3
0.449137805295976	0.384613565829508	3
0.436891700546865	0.386440175601541	3
0.426867926995985	0.390688225691653	3
0.419106043898114	0.39734095098689	3
0.413636683859773	0.406372096219851	3
0.41048143194632	0.417746019586241	3
0.409652740495559	0.431417833406784	3
0.411153879974054	0.447333581278386	3
0.414978926070088	0.465430451015413	3
0.421112783074219	0.485637022540686	3
0.429531243455143	0.5078735497479	3
0.440201083395765	0.532052275223069	3
0.453080193912426	0.558077776582953	3
0.468117747039823	0.585847343063605	3
0.485254396425767	0.615251380872834	3
0.50442251154412	0.646173845706833	3
0.525546444601591	0.678492700724034	3
0.548542829085009	0.712080398168764	3
0.573320908770865	0.746804382743967	3
0.599782895898668	0.782527614746407	3
0.627824357094556	0.819109110899759	3
0.657334625522115	0.856404500751204	3
0.688197237633819	0.894266596435641	3
0.72029039279945	0.932545973558948	3
0.753487433997537	0.971091560907805	3
0.787657347672759	1.00975123665875	3
0.822665280786585	1.04837242873352	3
0.858373073020619	1.08680271693134	3
0.894639802032253	1.12489043446182	3
0.93132233961077	1.16248526650449	3
0.968275916539005	1.19943884343272	3
1.00535469393131	1.23560532636087	3
1.04241233879299	1.2708419827037	3
1.0793026015298	1.30500974947674	3
1.1158798931283	1.33797378211429	3
1.1519998597291	1.36960398663937	3
1.18751995232568	1.39977553308518	3
1.22229998934015	1.42836934814198	3
1.2562027098559	1.45527258508499	3
1.28909431532374	1.48037906912894	3
1.32084499760362	1.50358971645135	3
1.35132945125809	1.52481292523119	3
1.48759000697015	1.69719449692256	3
1.52296022507546	1.71898993362676	3
1.55626655809021	1.73794784553819	3
1.58737756113418	1.75399341443958	3
1.61617045329165	1.767063315801	3
1.64253160217147	1.77710596869285	3
1.66635697236229	1.78408173935222	3
1.68755253601274	1.78796309759923	3
1.70603464391643	1.78873472548612	3
1.72173035563712	1.78639357775014	3
1.73457772737134	1.78094889383182	3
1.74452605641228	1.77242216141117	3
1.75153608125015	1.76084703160554	3
1.75558013651951	1.74626918616411	3
1.75664226218175	1.72874615718286	3
1.75471826651213	1.70834710005165	3
1.74981574264256	1.68515252052954	3
1.74195403859502	1.65925395702532	3
1.73116418092369	1.6307536193372	3
1.7174887522674	1.59976398527747	3
1.70098172329534	1.56640735677396	3
1.68170823970952	1.53081537720017	3
1.65974436514444	1.49312851183904	3
1.63517678097866	1.45349549353068	3
1.60810244424303	1.41207273569173	3
1.57862820497555	1.36902371502313	3
1.54687038453312	1.32451832634224	3
1.51295431652424	1.27873221208559	3
1.47701385217458	1.23184606912848	3
1.43919083207729	1.18404493565691	3
1.39963452641299	1.13551746090643	3
1.35850104584859	1.0864551606498	3
1.31595272543978	1.03705166137169	3
1.27215748396872	0.987501936113432	3
1.22728816124536	0.938001535003517	3
1.18152183598766	0.888745813510539	3
1.13503912697275	0.839929161464432	3
1.08802348021718	0.791744235888614	3
1.0406604449993	0.744381200670736	3
0.993136941581003	0.698026976072689	3
0.945640523518849	0.652864501041732	3
0.898358637475884	0.609072011234038	3
0.85147788345528	0.566822335599995	3
0.805183278375378	0.526282214307288	3
0.759657525892433	0.48761164069364	3
0.71508029535276	0.450963229846199	3
0.671627512719898	0.416481616299516	3
0.629470666275211	0.384302883229105	3
0.588776129831985	0.354554025393334	3
0.549704506133996	0.327352447943118	3
0.512409993029854	0.302805503077435	3
0.477039774924538	0.281010066373238	3
0.443733441909795	0.26205215446181	3
0.412622438865816	0.24600658556042	3
0.383829546708353	0.232936684198998	3
0.357468397828527	0.222894031307148	3
0.333643027637706	0.215918260647781	3
0.312447463987257	0.212036902400765	3
0.293965356083574	0.211265274513877	3
0.278269644362884	0.213606422249862	3
0.265422272628657	0.219051106168175	3
0.255473943587724	0.227577838588831	3
0.24846391874985	0.239152968394457	3
0.244419863480494	0.253730813835887	3
0.243357737818251	0.271253842817145	3
0.245281733487872	0.291652899948354	3
0.250184257357437	0.314847479470459	3
0.258045961404985	0.340746042974682	3
0.26883581907631	0.369246380662801	3
0.2825112477326	0.400236014722525	3
0.299018276704659	0.433592643226039	3
0.318291760290478	0.469184622799832	3
0.34025563485556	0.506871488160956	3
0.364823219021337	0.546504506469321	3
0.391897555756969	0.587927264308269	3
0.421371795024448	0.630976284976866	3
0.453129615466883	0.675481673657761	3
0.487045683475757	0.721267787914408	3
0.522986147825417	0.768153930871522	3
0.56080916792271	0.815955064343093	3
0.600365473587007	0.864482539093567	3
0.641498954151408	0.913544839350201	3
0.684047274560224	0.962948338628314	3
0.727842516031283	1.01249806388657	3
0.772711838754637	1.06199846499648	3
0.818478164012343	1.11125418648946	3
0.864960873027254	1.16007083853557	3
0.911976519782818	1.20825576411139	3
0.959339555000697	1.25561879932926	3
1.006863058419	1.30197302392731	3
1.05435947648115	1.34713549895827	3
1.10164136252412	1.39092798876596	3
1.14852211654472	1.4331776644	3
1.19481672162462	1.47371778569271	3
1.24034247410757	1.51238835930636	3
1.28491970464724	1.5490367701538	3
1.3283724872801	1.58351838370048	3
1.37052933372479	1.61569711677089	3
1.41122387016802	1.64544597460667	3
1.450295493866	1.67264755205688	3
1.59475264586468	1.85042405668577	3
1.63789653827886	1.87700969925902	3
1.67852294448366	1.90013418521691	3
1.71647153061422	1.91970625277795	3
1.75159253093816	1.93564865993309	3
1.78374733891246	1.94789848928469	3
1.81280905420016	1.95640739635271	3
1.83866298348807	1.9611418003683	3
1.86120709312883	1.96208301680175	3
1.8803524118211	1.95922733110182	3
1.89602338173867	1.9525860133553	3
1.90815815672267	1.94218527380923	3
1.91670884636007	1.92806615943094	3
1.92164170498533	1.91028439191447	3
1.92293726485906	1.88891014777249	3
1.92059041299831	1.86402778138168	3
1.91461041135521	1.83573549207449	3
1.90502086026425	1.80414493659132	3
1.89185960530252	1.7693807884223	3
1.87517858793056	1.73158024577802	3
1.85504364050311	1.69089249013088	3
1.83153422645887	1.64747809746394	3
1.80474312671465	1.60150840455092	3
1.77477607350145	1.55316483276819	3
1.74175133308765	1.5026381721075	3
1.70579923903611	1.45012782821503	3
1.6670616778371	1.39584103542844	3
1.62569152894715	1.33999203891759	3
1.58185206144372	1.28280124915671	3
1.53571628967669	1.22449437206502	3
1.4874662904598	1.16530151824851	3
1.43729248449663	1.10545629485855	3
1.38539288487709	1.04519488365118	3
1.33197231561019	0.984755108885615	3
1.27724160327731	0.924375498740554	3
1.22141674499593	0.864294343952416	3
1.16471805597774	0.80474875739068	3
1.10736930004513	0.745973738281716	3
1.04959680653761	0.688201244774194	3
0.991628577093311	0.631659278506247	3
0.933693385830684	0.576570984787167	3
0.876019876481573	0.523153771944816	3
0.818835660038858	0.471618453314279	3
0.762366416479856	0.422168415253944	3
0.70683500411055	0.374998814472462	3
0.652460580045674	0.330295807834375	3
0.5994577352957	0.288235817684024	3
0.548035647874158	0.24898483558715	3
0.498397257267586	0.212697767238023	3
0.450738463526083	0.17951782111743	3
0.405247354135317	0.149575943314234	3
0.36210346172114	0.122990300740983	3
0.321477055516343	0.0998658147830873	3
0.283528469385776	0.0802937472220508	3
0.248407469061837	0.0643513400669098	3
0.216252661087544	0.052101510715312	3
0.18719094579984	0.0435926036472937	3
0.161337016511929	0.0388581996317028	3
0.138792906871173	0.0379169831982452	3
0.119647588178902	0.0407726688981829	3
0.103976618261329	0.0474139866446968	3
0.0918418432773337	0.0578147261907711	3
0.0832911536399268	0.071933840569063	3
0.0783582950146685	0.089715608085532	3
0.0770627351409439	0.111089852227507	3
0.0794095870016898	0.135972218618322	3
0.0853895886447861	0.164264507925505	3
0.0949791397357507	0.195855063408679	3
0.108140394697477	0.230619211577702	3
0.124821412069435	0.268419754221981	3
0.144956359496892	0.309107509869124	3
0.168465773541132	0.352521902536059	3
0.195256873285353	0.398491595449078	3
0.225223926498554	0.44683516723181	3
0.258248666912347	0.497361827892504	3
0.294200760963886	0.549872171784969	3
0.332938322162901	0.604158964571555	3
0.374308471052847	0.66000796108241	3
0.418147938556278	0.717198750843285	3
0.464283710323306	0.775505627934981	3
0.512533709540195	0.834698481751494	3
0.562707515503365	0.894543705141454	3
0.614607115122911	0.954805116348822	3
0.668027684389806	1.01524489111438	3
0.722758396722689	1.07562450125945	3
0.778583255004067	1.13570565604758	3
0.835281944022255	1.19525124260932	3
0.892630699954866	1.25402626171828	3
0.950403193462389	1.31179875522581	3
1.00837142290669	1.36834072149375	3
1.06630661416932	1.42342901521283	3
1.12398012351843	1.47684622805518	3
1.18116433996114	1.52838154668572	3
1.23763358352014	1.57783158474606	3
1.29316499588945	1.62500118552754	3
1.34753941995433	1.66970419216563	3
1.4005422647043	1.71176418231598	3
1.45196435212584	1.75101516441285	3
1.50160274273241	1.78730223276198	3
1.54926153647392	1.82048217888257	3
1.70191528475922	2.00365361644897	3
1.75283285148226	2.03502946489127	3
1.80077933087711	2.06232052489564	3
1.84556550009426	2.08541909111632	3
1.88701460858468	2.10423400406518	3
1.92496307565344	2.11869100987652	3
1.95926113603803	2.12873305335319	3
1.9897734309634	2.13432050313736	3
2.01637954234123	2.13543130811739	3
2.03897446800508	2.1320610844535	3
2.057469036106	2.12422313287878	3
2.07179025703306	2.11194838620729	3
2.08188161147	2.09528528725633	3
2.08770327345116	2.07429959766482	3
2.08923226753636	2.04907413836213	3
2.08646255948449	2.01970846271171	3
2.07940508006786	1.98631846361945	3
2.06808768193348	1.94903591615733	3
2.05255502968136	1.9080079575074	3
2.03286842359373	1.86339650627856	3
2.00910555771088	1.81537762348779	3
1.98136021320821	1.76414081772771	3
1.94974188828485	1.7098882972628	3
1.91437536602423	1.6528341720057	3
1.87540022193228	1.59320360852326	3
1.83297027309667	1.53123194140693	3
1.78725297114108	1.46716374451465	3
1.73842874137006	1.40125186574959	3
1.68669027071286	1.33375642918495	3
1.6322417472761	1.26494380847313	3
1.57529805450662	1.19508557559058	3
1.51608392314468	1.12445742906729	3
1.4548330443144	1.05333810593067	3
1.39178714725167	0.982008281657798	3
1.32719504530926	0.91074946247759	3
1.26131165400421	0.839842874394293	3
1.19439698498274	0.769568353316929	3
1.12671511987308	0.700203240674818	3
1.05853316807592	0.632021288877653	3
0.990120212605619	0.565291580939805	3
0.921746248142519	0.500277468532603	3
0.853681115487262	0.437235532655594	3
0.786193436622436	0.376414571028564	3
0.719549554584335	0.318054616200601	3
0.654012482328668	0.262385988251284	3
0.589840864738588	0.209628385822551	3
0.527287957871501	0.159990019068533	3
0.466600629473105	0.113666787945195	3
0.408018384703187	0.0708415090827114	3
0.351772420918171	0.0316831942917413	3
0.0186397867917867	0.235859182272286	3
0.0502581117151467	0.2901117027372	3
0.0856246339757711	0.347165827994298	3
0.124599778067725	0.406796391476739	3
0.167029726903326	0.468768058593071	3
0.212747028858919	0.532836255485348	3
0.261571258629936	0.598748134250412	3
0.313309729287139	0.666243570815048	3
0.367758252723902	0.73505619152687	3
0.424701945493384	0.804914424409421	3
0.483916076855323	0.875542570932707	3
0.545166955685597	0.946661894069331	3
0.60821285274833	1.0179917183422	3
0.672804954690741	1.08925053752241	3
0.738688345995791	1.16015712560571	3
0.805603015017256	1.23043164668307	3
0.873284880126914	1.29979675932518	3
0.94146683192408	1.36797871112235	3
1.00987978739438	1.4347084190602	3
1.07825375185748	1.4997225314674	3
1.14631888451274	1.56276446734441	3
1.21380656337756	1.62358542897144	3
1.28045044541567	1.6819453837994	3
1.34598751767133	1.73761401174872	3
1.41015913526141	1.79037161417745	3
1.4727120421285	1.84000998093147	3
1.53339937052689	1.8863332120548	3
1.59198161529681	1.92915849091729	3
1.64822757908183	1.96831680570826	3
