x	y	set
1.01230274144055	1.07686578662372	1
1.01644546180422	1.07681211943283	1
1.02052515797669	1.07645855149203	1
1.02452688912916	1.07580799865105	1
1.02843595121699	1.07486446519169	1
1.03223792005735	1.07363300754229	1
1.03591869462943	1.07211969548404	1
1.03946454057322	1.0703315712317	1
1.04286213384258	1.06827660675277	1
1.0460986044477	1.06596365966784	1
1.04916158020223	1.06340242805079	1
1.05203923036969	1.06060340442193	1
1.05472030908507	1.05757782919924	1
1.05719419840784	1.05433764384404	1
1.059450950845	1.05089544390749	1
1.06148133116506	1.04726443215359	1
1.06327685730771	1.04345837190376	1
1.06482984017838	1.03949154071677	1
1.06613342210266	1.03537868448787	1
1.06718161370247	1.03113497202036	1
1.06796932894392	1.02677595009448	1
1.06849241809643	1.02231749903029	1
1.06874769833354	1.01777578871479	1
1.06873298169825	1.01316723503915	1
1.06844710015022	1.00850845666894	1
1.06788992740783	1.00381623204974	1
1.06706239729645	0.999107456532817	1
1.0659665183144	0.99439909949001	1
1.06460538413102	0.98970816127497	1
1.06298317973639	0.985051629879127	1
1.06110518297114	0.980446437125533	1
1.05897776117625	0.97590941424255	1
1.05660836271823	0.97145724666243	1
1.05400550316432	0.967106427897427	1
1.05117874590606	0.962873212358548	1
1.04813867705758	0.958773566999573	1
1.04489687448804	0.954823121691824	1
1.04146587088549	0.951037118263463	1
1.03785911079293	0.9474303581709	1
1.03409090160543	0.944017148809214	1
1.03017635857115	0.940811248513142	1
1.02613134389741	0.937825810349905	1
1.02197240012627	0.935073324859376	1
1.01771667801115	0.932565561955351	1
1.0133818591966	0.930313512262894	1
1.00898607407563	0.92832732823003	1
1.00454781527327	0.926616265416005	1
1.00008584727761	0.925188624421557	1
0.99561911281178	0.924051693987385	1
0.991166636607148	0.923211695843516	1
0.986747427300641	0.922673731942543	1
0.982380378233146	0.92244173475186	1
0.978084167971113	0.922518421312013	1
0.97387716140704	0.922905251788286	1
0.969777312315195	0.92360239324905	1
0.96580206824516	0.924608689395723	1
0.961968278626569	0.925921636944455	1
0.958292106933069	0.927537369318278	1
0.954788947711927	0.92945064825032	1
0.951473349228161	0.931654863824203	1
0.948358942399505	0.934142043388032	1
0.945458376612363	0.936902869674846	1
0.942783262911097	0.939926708347298	1
0.94034412494588	0.943201645060055	1
0.938150357950723	0.946714532002966	1
0.936210195906003	0.950451043754564	1
0.934530686922156	0.954395742142287	1
0.933117676766056	0.958532149676246	1
0.931975800342092	0.962842831000564	1
0.931108480838753	0.967309481693366	1
0.930517936160907	0.971913023645848	1
0.93020519219003	0.976633706164728	1
0.930170102350611	0.981451211872499	1
0.930411372911869	0.986344766427207	1
0.930926593420089	0.991293251048692	1
0.931712271638117	0.996275316821286	1
0.932763872364284	1.00126949974337	1
0.934075859512196	1.00625433551109	1
0.935641740854031	1.01120847305568	1
0.937454114861675	1.01611078589923	1
0.939504719120331	1.02094048045175	1
0.941784479836371	1.02567720043901	1
0.944283562013189	1.03030112672659	1
0.946991419923919	1.03479307188637	1
0.949896847566327	1.03913456893721	1
0.952988028841477	1.04330795377892	1
0.956252587252467	1.04729644092718	1
0.959677634971558	1.05108419224414	1
0.963249821172359	1.05465637844494	1
0.966955379567696	1.05799923324241	1
0.970780175132798	1.06110010007024	1
0.974709750027236	1.06394747139812	1
0.978729368757345	1.0665310207198	1
0.982824062643733	1.06884162735713	1
0.986978673675977	1.07087139427862	1
0.991177897848971	1.07261365918039	1
0.995406328082824	1.07406299912038	1
0.999648496831204	1.07521522903285	1
1.0038889184818	1.0760673944807	1
1.00811213164775	1.07661775902683	1
1.03248922245089	1.21573075423381	2
1.0436707928762	1.21492213460513	2
1.05469764217654	1.21329430205185	2
1.06553404010241	1.21086438686768	2
1.07614442650097	1.20765198102037	2
1.08649347657794	1.20367894085424	2
1.09654617404769	1.19896919300968	2
1.10626789204775	1.19354854513995	2
1.11562448160111	1.1874445028354	2
1.12458236732567	1.18068609399134	2
1.13310865001694	1.17330370168132	2
1.14117121566475	1.16532890642385	2
1.14873885040895	1.15679433855973	2
1.15578136089045	1.14773354129195	2
1.16226969941269	1.13818084478043	2
1.16817609329404	1.1281712515324	2
1.17347417776187	1.11774033318601	2
1.17813913171416	1.10692413865039	2
1.18214781565317	1.09575911344026	2
1.18547891107572	1.08428202992698	2
1.18811306058668	1.0725299281199	2
1.19003300798298	1.06054006649167	2
1.1912237375347	1.04834988226712	2
1.19167261166596	1.03599696050645	2
1.19136950620898	1.02351901122807	2
1.19030694236956	1.01095385373296	2
1.18848021449896	0.998339407208486	2
1.18588751271428	0.985713686604556	2
1.18253003934621	0.973114802685378	2
1.1784121181173	0.960580965065911	2
1.17354129486587	0.948150486940625	2
1.16792842852872	0.935861790103155	2
1.16158777098094	0.923753408737928	2
1.15453703420317	0.911863990339229	2
1.14679744310811	0.900232291980463	2
1.13839377221129	0.888897170018977	2
1.12935436418016	0.87789756118337	2
1.11971112814736	0.867272452856347	2
1.10949951553533	0.857060840244324	2
1.09875847102179	0.847301668024998	2
1.08753035619059	0.838033753998286	2
1.07586084337688	0.829295692249234	2
1.06379877724492	0.821125733380976	2
1.05139600175403	0.813561639511016	2
1.0387071503912	0.806640511965633	2
1.02578939790137	0.800398589976124	2
1.01270217224782	0.794871019196426	2
0.999506826201302	0.790091589540469	2
0.986266268799175	0.786092442689451	2
0.973044557935537	0.782903750645065	2
0.95990645653013	0.780553367893524	2
0.94691695605191	0.779066461070998	2
0.934140772600456	0.778465121440938	2
0.921641822214319	0.778767966946739	2
0.909482683502491	0.77998974201118	2
0.89772405699191	0.782140924525123	2
0.886424231650034	0.785227350501295	2
0.875638569776318	0.789249867563407	2
0.865419021768102	0.794204028704325	2
0.855813682083073	0.800079837507213	2
0.846866397000181	0.806861555238536	2
0.838616433520025	0.81452757888777	2
0.831098216983607	0.823050397385112	2
0.824341142807379	0.832396630958152	2
0.818369465252818	0.842527156011912	2
0.813202263518414	0.85339731518279	2
0.80885348282292	0.864957209488584	2
0.80533204570123	0.877152066935526	2
0.802642026601603	0.889922679693802	2
0.800782881168212	0.903205900130198	2
0.799749720390129	0.916935184666427	2
0.799533619128307	0.931041173647711	2
0.800121948384932	0.945452295150198	2
0.801498721008357	0.960095380883666	2
0.803644941257158	0.974896282986087	2
0.806538949687391	0.989780481470305	2
0.810156756079446	1.00467367327463	2
0.814472354488955	1.01950233519499	2
0.8194580159033	1.03419425435205	2
0.825084555339027	1.04867902120218	2
0.831321571470284	1.06288848138193	2
0.83813765799549	1.07675714384491	2
0.845500586906422	1.09022254378449	2
0.853377464611553	1.10322555972833	2
0.861734862486031	1.11571068494052	2
0.870538923883959	1.12762625388496	2
0.879755449970221	1.13892462500113	2
0.889349966927127	1.14956232143773	2
0.899287777185264	1.15950013169587	2
0.909533997337067	1.16870317236797	2
0.920053585333755	1.17714091533475	2
0.930811359457245	1.18478718191174	2
0.941772011412293	1.19162010652907	2
0.952900115712001	1.19762207259007	2
0.96416013734139	1.20277962319081	2
0.975516439486488	1.20708334939814	2
0.986933292916211	1.21052775877936	2
0.998374888405593	1.21311112685435	2
1.00980535339494	1.21483533410098	2
1.0211887738926	1.21570569108779	2
1.05018318684903	1.35383113914226	2
1.06786628177826	1.35150706852544	2
1.08533417201977	1.34788068947955	2
1.10253588640267	1.34299232487052	2
1.11941996215281	1.33688534284366	2
1.13593452341003	1.32960573772253	2
1.15202737968451	1.32120173031232	2
1.16764614330428	1.3117233902867	2
1.18273836479567	1.30122228288849	2
1.19725168504925	1.28975114172576	2
1.21113400305414	1.277363569007	2
1.22433365793401	1.2641137641391	2
1.23679962398719	1.25005628121952	2
1.24848171742207	1.23524581559356	2
1.25933081348378	1.21973701932442	2
1.26929907269121	1.20358434514133	2
1.27834017493985	1.18684191818939	2
1.28640956027733	1.16956343470622	2
1.29346467521997	1.1518020865923	2
1.29946522355046	1.13361051072267	2
1.3043734206148	1.1150407617648	2
1.30815425021873	1.09614430721567	2
1.31077572330757	1.0769720433477	2
1.31220913769393	1.05757433075098	2
1.31242933817334	1.0380010481743	2
1.31141497643228	1.01830166339174	2
1.30914877020319	0.998525319849565	2
1.30561776115081	0.978720937871353	2
1.30081357097685	0.958937329209762	2
1.29473265519955	0.939223323722079	2
1.28737655399136	0.919627906903079	2
1.278752139333	0.900200366921832	2
1.26887185755382	0.880990449665872	2
1.25775396606331	0.862048520082495	2
1.24542276272332	0.843425727807106	2
1.2319088058476	0.825174174665499	2
1.21724912222827	0.807347081112455	2
1.20148739985975	0.789998948005161	2
1.1846741611438	0.77318570928921	2
1.16686691129961	0.756964870183797	2
1.14813025546544	0.741395624283331	2
1.12853597656429	0.726538941648084	2
1.10816306443673	0.712457618455916	2
1.08709768506105	0.699216277173096	2
1.06543307696076	0.686881304549591	2
1.04326936025725	0.675520713168974	2
1.02071324242972	0.665203910952248	2
0.997877603920114	0.656001362153022	2
0.974880946552183	0.647984123272726	2
0.951846688659578	0.641223238305953	2
0.928902293206655	0.635788980166113	2
0.906178219400911	0.631749929401864	2
0.883806694632122	0.62917188768917	2
0.861920312177739	0.628116632217867	2
0.840650470891004	0.62864052788794	2
0.820125685606841	0.630793026756837	2
0.800469810429001	0.634615097601205	2
0.781800230157868	0.640137641530194	2
0.764226086306163	0.647379960735051	2
0.747846611700201	0.656348354949735	2
0.732749649969397	0.667034922419516	2
0.719010432127966	0.679416637968598	2
0.706690671551304	0.693454769722788	2
0.695838021508246	0.709094678740572	2
0.686485917574768	0.726266023779855	2
0.678653803057112	0.744883369009965	2
0.672347711729933	0.764847168406444	2
0.667561161407844	0.786045079500654	2
0.664276296238723	0.80835354322114	2
0.662465206391439	0.831639557019244	2
0.662091351277356	0.855762565589854	2
0.663111015958132	0.880576396648974	2
0.665474738655285	0.90593117712313	2
0.669128658652555	0.931675176112325	2
0.674015746704053	0.957656533451228	2
0.680076892876796	0.98372484517002	2
0.687251838469011	1.00973258856122	2
0.695479948561976	1.03553637920948	2
0.704700829562384	1.06099805992845	2
0.714854801752191	1.08598562706092	2
0.725883240567906	1.1103740032296	2
0.737728802383839	1.13404566768741	2
0.750335551322743	1.15689115626252	2
0.763649003405589	1.17880944287173	2
0.777616103485728	1.19970821399372	2
0.79218514914422	1.21950404660067	2
0.807305674248704	1.23812249903462	2
0.822928303340694	1.25549812331787	2
0.839004586513031	1.27157440649021	2
0.855486823030927	1.28630364781684	2
0.872327880669767	1.29964677812622	2
0.889481016603567	1.31157312711156	2
0.906899704679679	1.32206014414582	2
0.924537473049329	1.33109307798911	2
0.942347755377026	1.3386646206806	2
0.960283758209718	1.34477452087141	2
0.978298346533945	1.34942917184268	2
0.996343949071971	1.35264117943804	2
1.01437248445367	1.35442891510118	2
1.03233530903915	1.35481605913136	2
1.06569215321643	1.49155220746163	2
1.08942924772018	1.48702721669073	2
1.11292180614324	1.48075439132574	2
1.13610701465762	1.47280425842483	2
1.15892041827184	1.46325021777648	2
1.18129603569797	1.45216787197998	2
1.20316650643815	1.43963440134669	2
1.22446326790901	1.42572798733927	2
1.24511676031238	1.41052728727777	2
1.26505665687711	1.39411096208258	2
1.28421211704284	1.37655725792054	2
1.30251206013399	1.35794364179231	2
1.31988545708288	1.33834649036288	2
1.33626163780405	1.31784083070316	2
1.35157061189866	1.29650013108472	2
1.36574340047539	1.2743961395544	2
1.37871237701272	1.25159876770874	2
1.39041161535293	1.22817601688534	2
1.40077724310952	1.20419394388327	2
1.40974779898271	1.1797166633091	2
1.41726459271109	1.15480638370941	2
1.42327206663615	1.1295234747859	2
1.42771815811974	1.10392656318541	2
1.43055466232744	1.07807265460404	2
1.43173759517237	1.05201728023435	2
1.43122755650019	1.02581466590739	2
1.42899009388487	0.999517922629572	2
1.42499606769254	0.973179257580004	2
1.41922201835435	0.94685020500923	2
1.41165053706334	0.920581876856461	2
1.40227064136892	0.894425233270728	2
1.39107815737643	0.868431373569858	2
1.37807611045613	0.842651848485614	2
1.36327512650757	0.817138994804349	2
1.34669384588757	0.791946293694222	2
1.32835935205759	0.767128754077205	2
1.30830761679305	0.742743322309111	2
1.28658396335822	0.718849319109777	2
1.2632435483018	0.695508904053356	2
1.23835186135836	0.672787566874416	2
1.21198524120718	0.65075464322679	2
1.18423140236398	0.629483850170627	2
1.15518996504604	0.609053833342814	2
1.12497297520656	0.589548713236039	2
1.09370539580655	0.571058611999972	2
1.06152554251735	0.553680134419151	2
1.02858542721973	0.537516767012844	2
0.995050960835566	0.522679147490444	2
0.961101953430975	0.509285143318437	2
0.926931834881849	0.49745966362655	2
0.892747005124489	0.487334114531689	2
0.858765711522867	0.479045396584842	2
0.825216345721402	0.472734337997991	2
0.792335058211569	0.468543463277233	2
0.760362611154392	0.466614019304139	2
0.729540433929328	0.467082224927645	2
0.700105914572637	0.470074778899024	2
0.672287052527665	0.475703753301409	2
0.646296706063837	0.484061107596238	2
0.622326775480391	0.495213166176415	2
0.600542748160366	0.509195487239368	2
0.581079068801564	0.526008587987614	2
0.564035768092965	0.545614960992065	2
0.549476679480748	0.567937712760739	2
0.537429408739336	0.592860990397643	2
0.527887024499577	0.620232165377275	2
0.520811248818558	0.649865554024025	2
0.51613678197548	0.681547308940867	2
0.513776318333969	0.715041037764223	2
0.513625805132674	0.750093700041201	2
0.515569551353424	0.786441387635425	2
0.519484887092656	0.823814686597289	2
0.525246180827869	0.861943424595063	2
0.532728122675491	0.900560707857991	2
0.541808263667959	0.939406232638503	2
0.552368859216166	0.978228913461358	2
0.564298099938745	1.01678890458984	2
0.577490828913072	1.05485910621496	2
0.591848846346823	1.09222624810809	2
0.607280895717228	1.1286916359381	2
0.623702413703121	1.16407163330008	2
0.641035112735588	1.19819793875712	2
0.659206451656223	1.23091770382713	2
0.678149037897699	1.26209352597205	2
0.697799994289627	1.29160334078087	2
0.718100315156068	1.31934022979489	2
0.738994229697231	1.34521215468411	2
0.760428585513312	1.36914162450516	2
0.782352261271414	1.39106530026327	2
0.804715614679593	1.41093353966648	2
0.827469969883983	1.42870988452281	2
0.850567146949793	1.44437049344103	2
0.873959035065034	1.45790352313938	2
0.897597210391694	1.46930846256261	2
0.921432598986287	1.47859542500783	2
0.945415184848684	1.48578440444565	2
0.969493762882753	1.49090450310363	2
0.993615736328305	1.49399313808957	2
1.01772695802667	1.49509523532857	2
1.04177161469681	1.4942624193479	2
1.07926166034705	1.6292232568857	2
1.10867363207673	1.62186401604588	2
1.13784171376915	1.61234946952971	2
1.16669324382223	1.60078613739472	2
1.19515238970512	1.58728250584512	2
1.2231403310255	1.5719480885587	2
1.25057548569334	1.55489256912805	2
1.27737377571987	1.53622502915365	2
1.303448929011	1.51605326457472	2
1.32871281337826	1.49448319101121	2
1.35307579890551	1.47161833725993	2
1.37644714478012	1.44755942467249	2
1.39873540672485	1.42240402895806	2
1.41984886125304	1.39624632000824	2
1.43969594311182	1.36917687463048	2
1.45818569247482	1.34128255659041	2
1.47522820869206	1.31264645808623	2
1.49073510769626	1.28334789668918	2
1.50461998049616	1.25346246186215	2
1.51679885055346	1.22306210538991	2
1.52719062823518	1.19221527039726	2
1.5357175609534	1.16098705407473	2
1.5423056780459	1.12943939975658	2
1.5468852299115	1.09763131458624	2
1.54939112139209	1.06561910964796	2
1.54976333989064	1.03345666013027	2
1.5479473792327	1.00119568381086	2
1.54389466082379	0.968886036912071	2
1.53756295423317	0.936576027171992	2
1.52891679995466	0.904312744813822	2
1.51792793777059	0.872142412983711	2
1.50457574488799	0.840110760177038	2
1.48884768884448	0.808263418199661	2
1.47073980111233	0.776646350331408	2
1.45025717838182	0.745306315592629	2
1.42741451969685	0.714291376378969	2
1.40223670896091	0.683651458239131	2
1.37475945383454	0.653438972230754	2
1.34502999369283	0.623709512089044	2
1.31310789106091	0.594522640339137	2
1.27906592270044	0.565942779382562	2
1.24299108810208	0.538040225312886	2
1.20498575423641	0.510892303455493	2
1.16516895551143	0.484584684866615	2
1.12367786615541	0.459212881444457	2
1.08066945741431	0.434883932627432	2
1.03632234211327	0.411718286972435	2
0.990838791519574	0.389851864458397	2
0.944446880238642	0.36943825632692	2
0.897402669110303	0.350650973688464	2
0.849992267908722	0.333685588148345	2
0.8025335234072	0.318761511663067	2
0.755376951008417	0.306123035683157	2
0.708905374004345	0.296039095715023	2
0.66353157295914	0.288801066080465	2
0.619693122810013	0.284717764972086	2
0.577843583855103	0.284106838691553	2
0.538439420980705	0.287281902346694	2
0.501922559673996	0.294535348666907	2
0.46869938842663	0.306117637820789	2
0.439118169991556	0.322215034107139	2
0.413447898637086	0.34292883015574	2
0.391862152535283	0.36825961129048	2
0.374431025602666	0.398099647835866	2
0.361122731849207	0.432235011741567	2
0.351814408833676	0.470356947188084	2
0.346309767813457	0.512080145446403	2
0.3443602020577	0.556964537621412	2
0.345685983443715	0.604537236877483	2
0.349994996593276	0.654312080027978	2
0.356997601211798	0.705805358744985	2
0.366417254660856	0.758547370800851	2
0.377997245985673	0.812090139558149	2
0.391504259608042	0.866012015368589	2
0.406729581402301	0.91991996537145	2
0.423488690710576	0.973450287249216	2
0.441619840345884	1.02626833917514	2
0.460982072035354	1.07806772179393	2
0.48145297764114	1.12856920925553	2
0.502926407988996	1.17751961627892	2
0.525310251591364	1.22469070740041	2
0.548524350591161	1.26987819866092	2
0.572498585218957	1.31290086543338	2
0.597171135684534	1.35359974768529	2
0.622486917444498	1.39183743149294	2
0.648396179001444	1.42749737989998	2
0.674853248521789	1.46048328496607	2
0.701815415051806	1.49071841449552	2
0.729241930931856	1.51814493037557	2
0.75709312349228	1.54272315993656	2
0.785329605845456	1.564430806744	2
0.813911578317826	1.58326209236628	2
0.842798213652051	1.59922682565281	2
0.87194712048097	1.6123494006954	2
0.90131388070335	1.62266772877311	2
0.930851657274867	1.63023211308392	2
0.960510869580481	1.63510407787041	2
0.990238933999499	1.6373551656139	2
1.01998006753944	1.63706571729803	2
1.04967515252844	1.6343236513577	2
1.09109062397343	1.76713364497929	2
1.12585183476329	1.75634234886418	2
1.16039814861346	1.74302665495635	2
1.19464812421211	1.72733411033237	2
1.22851532721752	1.70941257665682	2
1.26190861287297	1.68940901007358	2
1.29473246116512	1.66746837287851	2
1.32688735986587	1.64373268142227	2
1.35827023042537	1.61834019126579	2
1.38877489140093	1.59142471758295	2
1.41829255391894	1.56311508622857	2
1.44671234358027	1.5335347087864	2
1.4739218432338	1.50280127328355	2
1.49980765115482	1.47102654108324	2
1.52425594937081	1.43831623971581	2
1.54715307716687	1.40477004103347	2
1.56838610516815	1.37048161403002	2
1.58784340582502	1.33553874190037	2
1.60541521660665	1.3000234933754	2
1.62099419272761	1.26401243900758	2
1.63447594677958	1.22757690385663	2
1.64575957320484	1.19078324889413	2
1.65474815612276	1.15369317437777	2
1.66134925959812	1.11636403941378	2
1.66547540001757	1.07884919290936	2
1.66704450081783	1.04119831210291	2
1.66598033038946	1.00345774584121	2
1.66221292456989	0.965670860749903	2
1.6556789957516	0.927878389422263	2
1.64632233128135	0.89011878074677	2
1.63409418453914	0.852428553525961	2
1.61895366289038	0.814842655639885	2
1.60086811764388	0.77739483221748	2
1.57981354227521	0.740118007653788	2
1.55577498655931	0.703044687922558	2
1.52874699599342	0.666207391577739	2
1.49873408810278	0.629639120240026	2
1.46575128007425	0.593373882393423	2
1.42982468587662	0.557447288195788	2
1.39099220589917	0.521897238036414	2
1.34930433857196	0.486764734156281	2
1.30482515196101	0.452094853324257	2
1.25763346468161	0.41793793006019	2
1.20782430060066	0.384351015174259	2
1.15551070195181	0.351399694701318	2
1.10082601223538	0.319160381222192	2
1.04392677547053	0.287723224935956	2
0.984996443912096	0.257195837582761	2
0.924250143502821	0.227708079682832	2
0.861940814052092	0.199418229503849	2
0.798367112287519	0.172520923572597	2
0.733883519439041	0.147257312330836	2
0.668913080304981	0.123927860120637	2
0.603963009405807	0.102908027660814	2
0.539642820545481	0.0846664962347657	2
0.476683302337945	0.0697842594149888	2
0.415952052517481	0.0589702987974451	2
0.358456961871971	0.0530652386407179	2
0.305323513139639	0.0530188492149809	2
0.257728252537187	0.0598237613990505	2
0.216776728970188	0.0743936928367755	2
0.183337721797428	0.0973980121424263	2
0.15788232109355	0.12910121102197	2
0.140397900100971	0.169277330150715	2
0.130421083877309	0.21724344908343	2
0.127171000406683	0.271993532716302	2
0.129717794647385	0.332367620829394	2
0.137124935313981	0.397194896154388	2
0.14853832945658	0.465383651012973	2
0.163225918205101	0.535961829918474	2
0.180584097697925	0.608084494898527	2
0.200126818167588	0.681024067606873	2
0.221468088533962	0.754154074654206	2
0.244303731907106	0.826932238249979	2
0.268394992098129	0.89888550619901	2
0.293554808892966	0.969597829898809	2
0.319636739505599	1.03870065535208	2
0.346526177405124	1.10586576255716	2
0.37413344210918	1.17080000760284	2
0.402388341399306	1.23324154637627	2
0.43123587076033	1.29295717919233	2
0.460632782611313	1.34974052099588	2
0.490544818118026	1.40341076030482	2
0.520944443799705	1.45381181866871	2
0.551808974103671	1.50081176159842	2
0.58311899118548	1.54430234333583	2
0.614856996070012	1.58419859328702	2
0.647006242767849	1.62043837298801	2
0.67954972007593	1.6529818502961	2
0.712469255709991	1.681810852927	2
0.745744724864756	1.70692807701511	2
0.779353350852205	1.72835613834695	2
0.813269089560878	1.74613646442989	2
0.847462092436441	1.76032803462324	2
0.881898244754447	1.77100598313902	2
0.916538777332957	1.77826008576496	2
0.951339950666808	1.78219315564378	2
0.98625281087762	1.78291937637129	2
1.02122301696205	1.78056260211409	2
1.05619073866525	1.77525465451174	2
1.10134206636129	1.9055442899901	2
1.14116966365927	1.89074602375624	2
1.18083793450354	1.87309318259663	2
1.22025710706671	1.85277891178765	2
1.25933036794204	1.82999422705659	2
1.29795427224345	1.80492650720128	2
1.33601921495258	1.77775818778906	2
1.3734099576794	1.74866565815798	2
1.41000620430505	1.71781835856569	2
1.44568321844527	1.68537806983584	2
1.48031247531315	1.65149838426105	2
1.51376234037197	1.6163243438158	2
1.54589876714793	1.57999222985379	2
1.57658600670932	1.54262948733447	2
1.60568732159944	1.50435476614542	2
1.63306569741765	1.46527806215914	2
1.65858454575498	1.42550094118101	2
1.68210839278522	1.3851168298087	2
1.70350354846378	1.34421135833975	2
1.722638751972	1.30286274214947	2
1.73938578973894	1.2611421893426	2
1.75362008305539	1.21911432389679	2
1.7652212429462	1.17683761491335	2
1.77407359056925	1.13436480392974	2
1.78006664194972	1.09174332349586	2
1.78309555632375	1.04901570135075	2
1.78306154774636	1.00621994553748	2
1.77987225990686	0.963389906651162	2
1.77344210428142	0.920555614117563	2
1.76369256182839	0.877743583938516	2
1.75055244838603	0.834977095706947	2
1.73395814374643	0.792276436874189	2
1.71385378403201	0.749659112226145	2
1.69019141645449	0.707140016261258	2
1.66293111473933	0.664731565614053	2
1.63204105237213	0.622443787759276	2
1.59749752925044	0.580284360850385	2
1.55928494512695	0.538258597519886	2
1.51739571014033	0.496369362533263	2
1.47183007833324	0.454616909933179	2
1.42259588370604	0.412998619093184	2
1.36970814901907	0.371508599893797	2
1.31318852356027	0.330137123367038	2
1.25306448464883	0.288869812842969	2
1.18936820398118	0.247686497108946	2
1.12213492564162	0.206559572962544	2
1.05140061238664	0.165451634496766	2
0.977198461668691	0.124311971504838	2
0.899553615359914	0.0830712621042113	2
0.818474867494522	0.0416332652856448	2
0.0132226149377265	0.583886474052262	2
0.0517323670390955	0.684254171760022	2
0.0893323230445574	0.781587571137628	2
0.126277474299611	0.875853834396561	2
0.162750097720838	0.96695232134963	2
0.198887449866229	1.05474432741449	2
0.234797556312538	1.13907102416528	2
0.270568649813703	1.2197651305539	2
0.306275005615428	1.29665903164376	2
0.341980625530415	1.36959075904256	2
0.377741579847463	1.43840859947682	2
0.413607479284384	1.50297475695456	2
0.449622364156147	1.56316830626715	2
0.485825192268105	1.6188875690936	2
0.522250044717852	1.6700519829177	2
0.55892613099866	1.71660349869765	2
0.595877651321262	1.75850752551501	2
0.633123559143944	1.79575343333769	2
0.67067725716545	1.82835462486444	2
0.708546253480735	1.85634819168059	2
0.746731799995971	1.87979417682147	2
0.785228531783579	1.89877447389458	2
0.824024123355024	1.91339140102521	2
0.863098975544885	1.92376599517425	2
0.90242594465755	1.93003607816971	2
0.941970123625728	1.93235414965407	2
0.981688683114656	1.93088516385486	2
1.02153077875355	1.9258042466063	2
1.06143752898132	1.91729440652959	2
1.01276344324996	1.07707995200121	3
1.01701359814051	1.07716472595465	3
1.02119660813198	1.07694496598795	3
1.02529596479496	1.07642153939332	3
1.02929548984152	1.07559651189638	3
1.03317939897351	1.07447313950374	3
1.03693236417598	1.07305585565303	3
1.04053957420984	1.07135025371609	3
1.04398679306506	1.06936306492458	3
1.04726041614371	1.06710213180477	3
1.05034752395107	1.06457637722678	3
1.053235933083	1.06179576919001	3
1.05591424430822	1.05877128148405	3
1.05837188755595	1.05551485038012	3
1.06059916363108	1.05203932752407	3
1.06258728249248	1.04835842921678	3
1.06432839794329	1.04448668228224	3
1.06581563859627	1.04043936673676	3
1.06704313499201	1.03623245548576	3
1.06800604276304	1.03188255128599	3
1.06870056175228	1.02740682122205	3
1.06912395101059	1.02282292895574	3
1.06927453961399	1.01814896501563	3
1.06915173325806	1.01340337540209	3
1.06875601660339	1.00860488878925	3
1.06808895136281	1.00377244261156	3
1.06715317013809	0.99892510832635	3
1.0659523660302	0.994082016147503	3
1.06449127806436	0.989262279547252	3
1.06277567248726	0.98448491982403	3
1.06081232001033	0.979768791034097	3
1.05860896908882	0.975132505583192	3
1.05617431534222	0.970594360771873	3
1.05351796723656	0.966172266584429	3
1.05065040816425	0.961883675006354	3
1.04758295507089	0.957745511149337	3
1.04432771379244	0.953774106455573	3
1.04089753127907	0.949985134245028	3
1.03730594489404	0.946393547859999	3
1.03356712898798	0.943013521651108	3
1.02969583895917	0.939858395037614	3
1.02570735302072	0.936940619862822	3
1.02161741190447	0.93427171125234	3
1.01744215673949	0.931862202169147	3
1.01319806535043	0.929721601844793	3
1.00890188722704	0.927858358250812	3
1.00457057742166	0.926279824758433	3
1.0002212296353	0.924992231118189	3
0.995871008756629	0.924000658873932	3
0.991537083120043	0.923309021308302	3
0.987236556750044	0.922920047998794	3
0.982986401859489	0.922835274045353	3
0.978803391868022	0.923055034012046	3
0.974704035205042	0.923578460606682	3
0.970704510158481	0.924403488103623	3
0.966820601026488	0.925526860496258	3
0.963067635824018	0.926944144346973	3
0.959460425790158	0.928649746283905	3
0.956013206934935	0.930636935075425	3
0.952739583856286	0.932897868195231	3
0.949652476048925	0.935423622773223	3
0.946764066917004	0.938204230809989	3
0.944085755691777	0.941228718515946	3
0.941628112444046	0.944485149619876	3
0.939400836368919	0.947960672475934	3
0.93741271750752	0.951641570783222	3
0.93567160205671	0.955513317717763	3
0.934184361403732	0.959560633263241	3
0.932956865007988	0.96376754451424	3
0.931993957236963	0.968117448714007	3
0.931299438247718	0.972593178777947	3
0.930876048989408	0.977177071044265	3
0.930725460386008	0.981851034984367	3
0.930848266741937	0.986596624597912	3
0.931243983396614	0.991395111210749	3
0.931911048637189	0.996227557388438	3
0.932846829861909	1.00107489167365	3
0.9340476339698	1.0059179838525	3
0.935508721935642	1.01073772045275	3
0.937224327512741	1.01551508017597	3
0.939187679989671	1.0202312089659	3
0.941391030911176	1.02486749441681	3
0.943825684657783	1.02940563922813	3
0.946482032763442	1.03382773341557	3
0.94934959183575	1.03811632499365	3
0.952417044929113	1.04225448885066	3
0.955672286207555	1.04622589354443	3
0.959102468720931	1.05001486575497	3
0.96269405510596	1.05360645214	3
0.966432871012021	1.05698647834889	3
0.970304161040835	1.06014160496239	3
0.974292646979282	1.06305938013718	3
0.97838258809553	1.06572828874766	3
0.982557843260509	1.06813779783085	3
0.986801934649575	1.07027839815521	3
0.991098112772956	1.07214164174919	3
0.995429422578338	1.07372017524157	3
0.999778770364704	1.07500776888181	3
1.00412899124337	1.07599934112607	3
1.00846291687996	1.0766909786917	3
1.03596970370442	1.21722531927613	3
1.04794741294144	1.21746422769037	3
1.05973589564467	1.21684490414787	3
1.07128862805852	1.21536979283571	3
1.0825600168261	1.21304471534433	3
1.09350557892535	1.20987884769236	3
1.10408211722322	1.20588468411308	3
1.11424789095501	1.20107798774536	3
1.12396278045609	1.1954777284238	3
1.13318844549592	1.18910600781344	3
1.14188847658939	1.18198797218455	3
1.15002853868844	1.17415171317185	3
1.15757650668681	1.16562815690961	3
1.16450259220314	1.15645094198035	3
1.17077946114214	1.14665628665873	3
1.17638234156972	1.13628284597456	3
1.18128912147655	1.12537155915903	3
1.18548043604403	1.11396548807632	3
1.1889397440684	1.10210964727805	3
1.19165339324129	1.08985082635144	3
1.19361067402916	1.07723740526215	3
1.19480386193894	1.06431916342071	3
1.19522824800307	1.05114708322588	3
1.19488215736363	1.03777314886043	3
1.19376695588227	1.02425014113334	3
1.19188704474974	1.01063142917804	3
1.18924984311644	0.996970759828805	3
1.18586575881238	0.983322045506599	3
1.18174814727228	0.969739151451347	3
1.17691325882773	0.956275683140449	3
1.17138017457456	0.942984774732456	3
1.16517073106851	0.929918879370815	3
1.15830943414625	0.917129562175279	3
1.15082336221212	0.904667296737935	3
1.14274205937198	0.892581265926997	3
1.13409741883614	0.880919167784495	3
1.12492355705143	0.869727027283889	3
1.1152566790592	0.859049014690534	3
1.10513493561048	0.848927271241815	3
1.09459827260249	0.83940174283494	3
1.08368827343037	0.830510022378732	3
1.07244799487657	0.822287201431589	3
1.06092179718532	0.81476573171114	3
1.04915516899311	0.807975297022141	3
1.03719454780574	0.801942696108053	3
1.02508713673076	0.796691736888651	3
1.01288071818832	0.79224314250104	3
1.00062346533583	0.788614469514897	3
0.9883637519505	0.785820038644716	3
0.976149961520122	0.783870878232488	3
0.964030296295578	0.782774680723873	3
0.95205258705856	0.782535772309632	3
0.940264104355333	0.78315509585213	3
0.928711371941481	0.784630207164286	3
0.9174399831739	0.786955284655665	3
0.906494421074647	0.790121152307637	3
0.895917882776778	0.794115315886925	3
0.885752109044992	0.798922012254643	3
0.876037219543908	0.804522271576197	3
0.866811554504078	0.81089399218656	3
0.858111523410607	0.818012027815447	3
0.849971461311556	0.82584828682815	3
0.842423493313188	0.834371843090392	3
0.835497407796856	0.84354905801965	3
0.829220538857863	0.853343713341267	3
0.823617658430284	0.863717154025442	3
0.818710878523454	0.874628440840969	3
0.814519563955971	0.88603451192368	3
0.811060255931602	0.897890352721949	3
0.808346606758713	0.910149173648564	3
0.806389325970841	0.92276259473785	3
0.805196138061059	0.935680836579292	3
0.80477175199693	0.948852916774124	3
0.805117842636368	0.96222685113957	3
0.80623304411773	0.975749858866657	3
0.808112955250259	0.989368570821962	3
0.810750156883563	1.0030292401712	3
0.814134241187618	1.0166779544934	3
0.818251852727718	1.03026084854865	3
0.823086741172271	1.04372431685955	3
0.828619825425437	1.05701522526754	3
0.834829268931495	1.07008112062918	3
0.841690565853751	1.08287043782472	3
0.849176637787882	1.09533270326206	3
0.857257940628024	1.107418734073	3
0.865902581163863	1.11908083221551	3
0.875076442948565	1.13027297271611	3
0.884743320940805	1.14095098530947	3
0.894865064389523	1.15107272875818	3
0.905401727397513	1.16059825716506	3
0.916311726569625	1.16948997762127	3
0.927552005123432	1.17771279856841	3
0.939078202814675	1.18523426828886	3
0.950844831006888	1.19202470297786	3
0.962805452194256	1.19805730389195	3
0.974912863269241	1.20330826311135	3
0.987119281811679	1.20775685749896	3
0.999376534664166	1.2113855304851	3
1.0116362480495	1.21417996135528	3
1.02385003847988	1.21612912176751	3
1.05917596415889	1.35737068655105	3
1.07888122774237	1.35776372942609	3
1.09827518315735	1.35674484230779	3
1.11728129132208	1.35431804627811	3
1.13582454381068	1.35049291879229	3
1.15383175887719	1.34528455588098	3
1.17123187027046	1.33871351257312	3
1.18795620770018	1.33080572177462	3
1.20393876784712	1.32159239192303	3
1.21911647484813	1.31110988382211	3
1.23342942922771	1.29939956714233	3
1.24682114429389	1.28650765715369	3
1.2592387690654	1.27248503233516	3
1.27063329685033	1.25738703358058	3
1.28095975865319	1.2412732457934	3
1.29017740064695	1.22420726273234	3
1.2982498450098	1.20625643603582	3
1.30514523349179	1.18749160941588	3
1.31083635314478	1.16798683907034	3
1.31530074371954	1.14781910141688	3
1.31852078630604	1.12706798930225	3
1.32048377286729	1.10581539788568	3
1.32118195639215	1.08414520143612	3
1.3206125814692	1.06214292231877	3
1.31877789516115	1.03989539347743	3
1.31568513813667	1.01749041574451	3
1.31134651609478	0.995016411331259	3
1.30577915159456	0.972562074865696	3
1.29900501648021	0.950216023355442	3
1.2910508451682	0.928066446456868	3
1.2819480291388	0.906200758430815	3
1.27173249304819	0.884705253158437	3
1.26044455295028	0.863664763578684	3
1.24812875718768	0.843162326891442	3
1.2348337105797	0.823278856847641	3
1.22061188260139	0.804092824419652	3
1.20551940031043	0.785679948112204	3
1.18961582683932	0.768112895136039	3
1.17296392632691	0.751460994623631	3
1.15562941621699	0.735789964018773	3
1.13768070790158	0.721161649719849	3
1.11918863673242	0.707633783000356	3
1.10022618246618	0.695259752169941	3
1.08086818124673	0.684088391875135	3
1.06119103026106	0.674163790371313	3
1.04127238623448	0.665525115526491	3
1.02119085895498	0.658206460243646	3
1.00102570103637	0.652236707911605	3
0.980856495144371	0.647639418415501	3
0.960762839920201	0.644432735156674	3
0.940824035841112	0.642629313448952	3
0.921118772257632	0.64223627057391	3
0.901724816842645	0.643255157692213	3
0.882718708677921	0.645681953721889	3
0.864175456189319	0.649507081207707	3
0.846168241122807	0.654715444119015	3
0.828768129729537	0.661286487426877	3
0.812043792299825	0.66919427822538	3
0.796061232152881	0.678407608076969	3
0.78088352515187	0.68889011617789	3
0.76657057077229	0.70060043285767	3
0.753178855706108	0.713492342846311	3
0.7407612309346	0.727514967664838	3
0.729366703149666	0.742612966419424	3
0.719040241346807	0.758726754206601	3
0.709822599353048	0.775792737267663	3
0.701750154990199	0.793743563964175	3
0.69485476650821	0.812508390584119	3
0.689163646855216	0.832013160929658	3
0.684699256280464	0.852180898583121	3
0.681479213693964	0.872932010697753	3
0.679516227132709	0.894184602114318	3
0.678818043607853	0.915854798563882	3
0.679387418530798	0.937857077681228	3
0.681222104838847	0.960104606522565	3
0.684314861863329	0.982509584255487	3
0.688653483905216	1.00498358866874	3
0.694220848405436	1.0274379251343	3
0.700994983519794	1.04978397664456	3
0.7089491548318	1.07193355354313	3
0.718051970861203	1.09379924156919	3
0.728267506951814	1.11529474684156	3
0.739555447049719	1.13633523642132	3
0.751871242812321	1.15683767310856	3
0.765166289420297	1.17672114315236	3
0.779388117398613	1.19590717558035	3
0.794480599689575	1.2143200518878	3
0.810384173160679	1.23188710486396	3
0.827036073673087	1.24853900537637	3
0.844370583783006	1.26421003598123	3
0.862319292098416	1.27883835028015	3
0.880811363267581	1.29236621699964	3
0.899773817533821	1.30474024783006	3
0.919131818753268	1.31591160812487	3
0.938808969738937	1.32583620962869	3
0.958727613765525	1.33447488447351	3
0.97880914104502	1.34179353975635	3
0.998974298963628	1.3477632920884	3
1.01914350485563	1.3523605815845	3
1.0392371600798	1.35556726484333	3
1.08238222461335	1.49751605382597	3
1.1098150425433	1.49806323116181	3
1.13681447067004	1.4966447804677	3
1.16327395458564	1.49326629972051	3
1.18908907079526	1.48794112224025	3
1.21415793882903	1.48069026406961	3
1.2383816233177	1.47154234103317	3
1.26166452444534	1.46053345580388	3
1.28391475523815	1.44770705542226	3
1.30504450420034	1.43311375983078	3
1.32497038186603	1.41681116210011	3
1.34361374989934	1.39886360113553	3
1.36090103144399	1.37934190776071	3
1.37676400149752	1.3583231251808	3
1.39114005616425	1.33589020492807	3
1.40397245972419	1.31213167949012	3
1.41521056854306	1.28714131291262	3
1.42481003093955	1.26101773075544	3
1.43273296222117	1.23386403086263	3
1.43894809419779	1.20578737648232	3
1.44343089858291	1.17689857334234	3
1.44616368379564	1.14731163235065	3
1.44713566478122	1.11714331964636	3
1.44634300557477	1.08651269577711	3
1.44378883444004	1.05554064582153	3
1.4394832315236	1.02434940231099	3
1.43344318907313	0.993062062833714	3
1.42569254437675	0.961802104224792	3
1.41626188568813	0.930692895259536	3
1.40518843150867	0.899857209773287	3
1.39251588370303	0.869416742129173	3
1.37829425502787	0.83949162694606	3
1.36257967175431	0.81019996498209	3
1.34543415216324	0.781657357044948	3
1.32692536178743	0.753976447768284	3
1.30712634636664	0.72726648105481	3
1.28611524356942	0.70163286894052	3
1.26397497461945	0.677176775581545	3
1.24079291704335	0.653994718005447	3
1.2166605598315	0.632178185202605	3
1.19167314237279	0.611813277060966	3
1.16592927858827	0.592980364569122	3
1.13953056774703	0.575753772628741	3
1.11258119350035	0.560201486728129	3
1.08518751271638	0.546384884634573	3
1.05745763573819	0.53435849416433	3
1.02950099972164	0.524169777986252	3
1.00142793673691	0.515858946308312	3
0.973349238338243	0.509458798186286	3
0.94537571832028	0.50499459208086	3
0.917617775386646	0.502483946174031	3
0.890184957456703	0.501936768838189	3
0.863185529329957	0.503355219532297	3
0.83672604541436	0.506733700279493	3
0.810910929204739	0.512058877759749	3
0.785842061170966	0.519309735930393	3
0.761618376682297	0.528457658966828	3
0.738335475554658	0.539466544196117	3
0.716085244761854	0.552292944577741	3
0.694955495799663	0.566886240169219	3
0.675029618133972	0.583188837899894	3
0.656386250100661	0.601136398864472	3
0.639098968556012	0.620658092239285	3
0.623235998502476	0.641676874819198	3
0.608859943835751	0.664109795071934	3
0.596027540275812	0.687868320509884	3
0.584789431456943	0.712858687087382	3
0.575189969060449	0.738982269244557	3
0.567267037778831	0.766135969137367	3
0.561051905802214	0.794212623517678	3
0.556569101417088	0.823101426657656	3
0.55383631620436	0.852688367649345	3
0.552864335218776	0.882856680353639	3
0.553656994425229	0.913487304222885	3
0.556211165559963	0.944459354178473	3
0.560516768476399	0.975650597689011	3
0.566556810926869	1.00693793716629	3
0.574307455623254	1.03819789577521	3
0.583738114311869	1.06930710474046	3
0.59481156849133	1.10014279022671	3
0.607484116296969	1.13058325787083	3
0.621705744972133	1.16050837305394	3
0.637420328245688	1.18980003501791	3
0.654565847836761	1.21834264295505	3
0.67307463821257	1.24602355223172	3
0.692873653633363	1.27273351894519	3
0.713884756430584	1.29836713105948	3
0.736025025380553	1.32282322441846	3
0.759207082956651	1.34600528199455	3
0.783339440168498	1.36782181479739	3
0.808326857627206	1.38818672293903	3
0.834070721411731	1.40701963543088	3
0.860469432252966	1.42424622737126	3
0.887418806499647	1.43979851327187	3
0.914812487283619	1.45361511536543	3
0.942542364261809	1.46564150583567	3
0.970499000278361	1.47583022201375	3
0.99857206326309	1.48414105369169	3
1.02665076166176	1.49054120181371	3
1.05462428167972	1.49500540791914	3
1.10558848506782	1.63766142110089	3
1.14074885734423	1.63836273289753	3
1.17535375818273	1.63654471862762	3
1.2092666178492	1.6322145531629	3
1.24235359777984	1.62538932568821	3
1.27448411878087	1.61609597225823	3
1.30553137636494	1.60437116949322	3
1.33537284119051	1.59026118983315	3
1.36389074262917	1.57382171892149	3
1.39097253355255	1.55511763583945	3
1.41651133450435	1.53422275705788	3
1.44040635550479	1.51121954511737	3
1.46256329382258	1.48619878318627	3
1.48289470614471	1.45925921678103	3
1.50132035367531	1.43050716406273	3
1.51776751880142	1.40005609624789	3
1.53217129207631	1.36802618978941	3
1.54447482838731	1.334543852095	3
1.55462957129756	1.29974122265492	3
1.56259544467604	1.26375565154776	3
1.56834101085979	1.22672915738244	3
1.57184359472399	1.18880786681563	3
1.5730893731703	1.1501414378566	3
1.57207342968034	1.11088246923546	3
1.56879977371892	1.07118589816562	3
1.56328132491053	1.03120838887747	3
1.55553986205148	0.991107714336169	3
1.54560593715893	0.951042133583888	3
1.53351875489605	0.911169767163631	3
1.51932601784914	0.871647973089706	3
1.50308373826727	0.832632725827532	3
1.48485601700755	0.794278000733682	3
1.46471479055834	0.756735166385496	3
1.4427395471388	0.720152387198455	3
1.41901701299516	0.684674038688928	3
1.39364081013189	0.650440137689968	3
1.36671108682841	0.617585789768835	3
1.33833412239957	0.58624065602705	3
1.30862190775979	0.556528441387264	3
1.27769170344601	0.528566406386438	3
1.245665576844	0.502464904402083	3
1.21266992044412	0.478326946137889	3
1.17883495302789	0.456247793087541	3
1.14429420575397	0.436314581581123	3
1.1091839951717	0.418605978897832	3
1.07364288524191	0.40319187280217	3
1.0378111404883	0.390133095728859	3
1.00183017243745	0.37948118470502	3
0.965841981532114	0.37127817795707	3
0.929988596720358	0.365556449005045	3
0.89441151493218	0.36233857889911	3
0.859251142655774	0.361637267102468	3
0.824646241817269	0.36345528137238	3
0.7907333821508	0.367785446837096	3
0.757646402220158	0.374610674311791	3
0.725515881219126	0.383904027741772	3
0.694468623635056	0.39562883050678	3
0.664627158809491	0.409738810166854	3
0.636109257370827	0.426178281078513	3
0.609027466447455	0.444882364160548	3
0.583488665495654	0.465777242942118	3
0.559593644495213	0.488780454882633	3
0.537436706177424	0.513801216813731	3
0.517105293855286	0.540740783218972	3
0.498679646324695	0.569492835937268	3
0.482232481198576	0.599943903752105	3
0.467828707923688	0.631973810210588	3
0.455525171612688	0.665456147904996	3
0.445370428702445	0.700258777345076	3
0.437404555323965	0.736244348452235	3
0.431658989140211	0.773270842617559	3
0.428156405276011	0.811192133184372	3
0.426910626829699	0.849858562143397	3
0.42792657031966	0.889117530764543	3
0.43120022628108	0.928814101834381	3
0.43671867508947	0.968791611122535	3
0.444460137948523	1.00889228566383	3
0.454394062841072	1.04895786641611	3
0.466481245103945	1.08883023283637	3
0.480673982150859	1.12835202691029	3
0.496916261732734	1.16736727417247	3
0.515143982992453	1.20572199926632	3
0.535285209441656	1.2432648336145	3
0.557260452861201	1.27984761280155	3
0.580982987004843	1.31532596131107	3
0.606359189868113	1.34955986231003	3
0.633288913171594	1.38241421023116	3
0.661665877600427	1.41375934397295	3
0.691378092240214	1.44347155861274	3
0.722308296553991	1.47143359361356	3
0.754334423155997	1.49753509559792	3
0.787330079555881	1.52167305386211	3
0.821165046972112	1.54375220691246	3
0.855705794246027	1.56368541841888	3
0.8908160048283	1.58139402110217	3
0.926357114758093	1.59680812719783	3
0.962188859511702	1.60986690427114	3
0.998169827562552	1.62051881529498	3
1.03415801846789	1.62872182204293	3
1.07001140327964	1.63444355099495	3
1.12879474552229	1.77780678837581	3
1.17168267214515	1.77866223463325	3
1.21389304569542	1.77644465678754	3
1.25525928111276	1.7711628066053	3
1.29561812476442	1.76283752913617	3
1.33481029873271	1.75150168044685	3
1.37268112941218	1.73719999795327	3
1.40908115793568	1.71998892386241	3
1.4438667300202	1.69993638242071	3
1.47690056290475	1.67712151184812	3
1.50805228714266	1.65163435201566	3
1.53719896111024	1.62357548909921	3
1.56422555620116	1.59305565861182	3
1.5890254107919	1.56019530838125	3
1.61150065118636	1.5251241231974	3
1.63156257787866	1.48798051300567	3
1.64913201560957	1.44891106666621	3
1.66413962583507	1.40806997343457	3
1.67652618037394	1.36561841444722	3
1.68624279515428	1.32172392661321	3
1.69325112313667	1.27655974142254	3
1.69752350565234	1.2303041012806	3
1.69904308155938	1.18313955606685	3
1.69780385378591	1.1352522426938	3
1.6938107129978	1.08683115050971	3
1.68707941829746	1.03806737544394	3
1.67763653502982	0.989153365838623	3
1.66551932994111	0.940282162942985	3
1.65077562410398	0.891646639067726	3
1.63346360418961	0.843438736406124	3
1.6136515928315	0.795848709525891	3
1.59141777898723	0.749064374521305	3
1.56684990936238	0.703270367788901	3
1.54004494211436	0.658647417351961	3
1.51110866420288	0.615371629609571	3
1.48015527389714	0.573613794325126	3
1.4473069300874	0.53353871059715	3
1.4126932701797	0.495304536472556	3
1.37645089847622	0.45906216476908	3
1.33872284706052	0.42495462757027	3
1.29965801131521	0.3931165317432	3
1.25941056229997	0.363673527706656	3
1.21813933830874	0.336741813546341	3
1.17600721800759	0.312427676434117	3
1.13318047762702	0.290827073161092	3
1.08982813474562	0.272025251440009	3
1.04612128125496	0.256096413471465	3
1.00223240813799	0.243103423101728	3
0.958334724725985	0.233097557727855	3
0.914601475120437	0.226118305929231	3
0.871205254477714	0.222193211624189	3
0.828317327854845	0.221337765366746	3
0.786106954304581	0.223555343212464	3
0.744740718887239	0.2288371933947	3
0.704381875235577	0.237162470863833	3
0.665189701267286	0.24849831955315	3
0.627318870587816	0.262800002046731	3
0.590918842064324	0.280011076137591	3
0.5561332699798	0.300063617579285	3
0.523099437095247	0.322878488151878	3
0.491947712857336	0.348365647984341	3
0.462801038889765	0.376424510900794	3
0.435774443798836	0.406944341388178	3
0.410974589208096	0.439804691618745	3
0.388499348813638	0.474875876802602	3
0.36843742212134	0.512019486994326	3
0.350867984390432	0.551088933333794	3
0.335860374164927	0.591930026565435	3
0.323473819626059	0.634381585552785	3
0.313757204845715	0.678276073386793	3
0.306748876863334	0.723440258577462	3
0.302476494347662	0.769695898719399	3
0.300956918440621	0.816860443933154	3
0.302196146214091	0.864747757306201	3
0.306189287002196	0.913168849490289	3
0.31292058170254	0.961932624556059	3
0.322363464970176	1.01084663416138	3
0.33448067005889	1.05971783705702	3
0.349224375896021	1.10835336093227	3
0.366536395810389	1.15656126359388	3
0.3863484071685	1.20415129047411	3
0.408582221012772	1.25093562547869	3
0.433150090637624	1.2967296322111	3
0.459955057885641	1.34135258264804	3
0.488891335797116	1.38462837039043	3
0.519844726102863	1.42638620567487	3
0.552693069912604	1.46646128940285	3
0.587306729820301	1.50469546352744	3
0.623549101523778	1.54093783523092	3
0.661277152939483	1.57504537242973	3
0.700341988684788	1.6068834682568	3
0.74058943770003	1.63632647229334	3
0.781860661691258	1.66325818645366	3
0.823992781992406	1.68757232356588	3
0.866819522372982	1.70917292683891	3
0.910171865254378	1.72797474855999	3
0.953878718745044	1.74390358652854	3
0.997767591862014	1.75689657689827	3
1.04166527527401	1.76690244227215	3
1.08539852487956	1.77388169407077	3
1.15200100597675	1.91795215565073	3
1.20261648694608	1.91896173636898	3
1.25243233320811	1.91634459494745	3
1.30125194437632	1.9101110600477	3
1.348882651749	1.90028573258412	3
1.39513647868456	1.88690738863547	3
1.43983088245942	1.87002882641332	3
1.48278947468084	1.84971665789167	3
1.52384271741123	1.82605104591994	3
1.56282859225696	1.79912538785679	3
1.59959323978098	1.76904594697343	3
1.63399156671568	1.73593143308105	3
1.66588781857975	1.69991253403738	3
1.69515611543909	1.66113139998148	3
1.72168094869742	1.61974108233206	3
1.7453576369559	1.57590492976345	3
1.76609273914282	1.529795943543	3
1.78380442328283	1.48159609477413	3
1.79842278945033	1.43149560623951	3
1.80989014563253	1.37969220167865	3
1.81816123541354	1.32639032546264	3
1.82320341658069	1.27180033574557	3
1.82499678994846	1.21613767427709	3
1.82353427789148	1.15962201615214	3
1.81882165227669	1.1024764028538	3
1.81087751168439	1.04492636201042	3
1.79973320800817	0.987199017341078	3
1.78543272272329	0.929522192302081	3
1.7680324933119	0.87212351097182	3
1.74760119053008	0.815229499722543	3
1.72421944739573	0.759064693224249	3
1.69797954096691	0.703850748308928	3
1.66898502816641	0.649805569192307	3
1.63735033708992	0.597142447505467	3
1.60320031541061	0.546069220530215	3
1.56666973766239	0.496787450960283	3
1.52790277334639	0.449491631425466	3
1.48705241795982	0.404368416918061	3
1.44427988919266	0.361595888150896	3
1.39975399067502	0.321342848754103	3
1.35365044578642	0.283768159084317	3
1.30615120415582	0.249020109275423	3
1.2574437235896	0.217235834005141	3
1.20772023026121	0.188540771287111	3
1.15717696008234	0.163048167424352	3
1.10601338424934	0.140858630077848	3
1.05443142202162	0.122059731214071	3
1.00263464383852	0.106725661498436	3
0.950827467919856	0.0949169374986394	3
0.899214353520516	0.0866801628534167	3
0.176796583419312	0.728199664254426	3
0.175003210051544	0.783862325722912	3
0.176465722108521	0.840377983847859	3
0.181178347723312	0.897523597146197	3
0.18912248831561	0.955073637989583	3
0.200266791991829	1.01280098265892	3
0.214567277276708	1.07047780769792	3
0.231967506688097	1.12787648902818	3
0.252398809469918	1.18477050027746	3
0.275780552604266	1.24093530677575	3
0.302020459033091	1.29614925169107	3
0.331014971833593	1.35019443080769	3
0.36264966291008	1.40285755249453	3
0.39679968458939	1.45393077946978	3
0.433330262337613	1.50321254903972	3
0.472097226653613	1.55050836857453	3
0.512947582040175	1.59563158308194	3
0.555720110807341	1.6384041118491	3
0.600246009324976	1.6786571512459	3
0.646349554213578	1.71623184091568	3
0.69384879584418	1.75097989072458	3
0.742556276410403	1.78276416599486	3
0.792279769738786	1.81145922871289	3
0.842823039917663	1.83695183257565	3
0.893986615750662	1.85914136992215	3
0.945568577978385	1.87794026878593	3
0.997365356161476	1.89327433850156	3
1.04917253208014	1.90508306250136	3
1.10078564647948	1.91331983714658	3
